-0.00142757990000000
-0.0110127600000000
-0.0102989700000000
-0.00897335990000000
-0.00968714970000000
-0.0122364000000000
-0.0144797390000000
-0.0130521600000000
-0.0112167000000000
-0.00866744970000000
-0.00866744970000000
-0.0133580700000000
-0.0179467200000000
-0.0197821790000000
-0.0165191400000000
-0.0146836790000000
-0.0110127600000000
-0.00836153950000000
-0.00428273970000000
-0.00673001970000000
-0.0133580700000000
-0.0193742990000000
-0.0199861200000000
-0.00673001970000000
0.00305909990000000
0.0143777700000000
-0.00499652990000000
-0.0130521600000000
-0.0146836790000000
-0.0206999090000000
-0.0265121990000000
-0.0331402490000000
-0.0312028190000000
-0.0175388400000000
-0.0200880900000000
-0.0166211090000000
-0.0167230790000000
-0.00683198960000000
0.00254924990000000
0.0152954990000000
0.0240649200000000
0.0256964400000000
0.0342619170000000
0.0472121080000000
0.0501692390000000
0.0427254300000000
0.0366072300000000
0.0276338690000000
0.0239629490000000
0.0345678300000000
0.0420116390000000
0.0540440980000000
0.0651588290000000
0.0746420340000000
0.0664844350000000
0.0610800290000000
0.0407879990000000
0.0407879990000000
0.00642411000000000
-0.0525145480000000
-0.0802503840000000
-0.0614879070000000
-0.0493534800000000
-0.0254924990000000
-0.00601622990000000
0.0136639790000000
0.0314067580000000
0.0508830300000000
0.0723986970000000
0.101460150000000
0.124403400000000
0.156014090000000
0.147856490000000
0.118285200000000
0.0953419470000000
0.0909572340000000
0.0944242150000000
0.0855528290000000
0.0918749650000000
0.101256210000000
0.123383700000000
0.0334461580000000
-0.150915590000000
-0.211077890000000
-0.202920290000000
-0.206999090000000
-0.185585390000000
-0.176408090000000
-0.178447490000000
-0.178447490000000
-0.184565690000000
-0.166211090000000
-0.137659500000000
-0.111147300000000
-0.0797405340000000
-0.0437451300000000
-0.00173349000000000
0.0367091990000000
0.0800464470000000
0.118285200000000
0.163151990000000
0.199861190000000
0.245747690000000
0.278378090000000
0.309988790000000
0.326303990000000
0.348737390000000
0.287555390000000
0.236570390000000
-0.122364000000000
-0.241668890000000
-0.167230790000000
-0.190683890000000
-0.112167000000000
-0.0767834100000000
-0.0176408090000000
0.0115226100000000
0.0543500070000000
0.0912631470000000
0.121344300000000
0.179467190000000
0.0587347160000000
-0.268181090000000
-0.158053490000000
-0.176408090000000
-0.102989700000000
-0.0590406300000000
0.0241668900000000
-0.0683198980000000
-0.201900590000000
-0.167230790000000
-0.172329290000000
-0.150915590000000
-0.125423100000000
-0.101970000000000
-0.0765794660000000
-0.0533303070000000
-0.0276338690000000
-0.00448667990000000
0.0191703590000000
-0.00968714970000000
-0.0441530080000000
-0.0854508600000000
-0.0969734650000000
-0.0730105160000000
-0.0610800290000000
-0.0340579800000000
-0.0110127600000000
0.0188644490000000
0.0428273990000000
0.0686258110000000
-0.00989108950000000
-0.0379328390000000
-0.00407879990000000
0.00112167000000000
0.0350776800000000
0.0576130480000000
0.0900395100000000
0.115226100000000
0.138679200000000
0.0223314290000000
0.0245747700000000
0.0696455110000000
0.0702573290000000
0.134600400000000
0.137659500000000
0.208018790000000
-0.0949340650000000
-0.133580700000000
-0.0705632340000000
-0.0556756170000000
0.00734183960000000
0.0688297480000000
-0.109107900000000
-0.151935290000000
-0.109107900000000
-0.118285200000000
-0.0777011340000000
-0.0570012300000000
-0.0219235490000000
-0.0128482200000000
-0.0687277790000000
-0.0330382800000000
-0.0343638900000000
-0.0111147290000000
0.00173349000000000
0.0304890290000000
0.0497613570000000
0.0619977570000000
0.0226373400000000
-0.00326303990000000
-0.0249826490000000
0.00785168950000000
0.0215156700000000
0.0579189570000000
0.0842272160000000
0.123383700000000
0.150915590000000
0.177427790000000
0.0429293670000000
0.00295713000000000
0.0264102290000000
0.0298772080000000
-0.00560834980000000
-0.0149895890000000
0.0145817100000000
0.0210058200000000
0.0508830300000000
0.0657706480000000
0.0975852840000000
0.115226100000000
0.147856490000000
0.166211090000000
0.198841490000000
0.189664190000000
0.201900590000000
0.180486890000000
0.127462500000000
-0.123383700000000
-0.0552677390000000
-0.0391564800000000
-0.0317126690000000
-0.114206400000000
-0.169270190000000
-0.250846190000000
-0.206999090000000
-0.187624790000000
-0.134600400000000
-0.0978911970000000
-0.0331402490000000
0.0157033790000000
0.0832075160000000
0.134600400000000
0.185585390000000
-0.00591426000000000
-0.0172329290000000
0.0290614490000000
0.0455805890000000
0.100236510000000
0.144797390000000
0.188644490000000
0.250846190000000
0.172329290000000
-0.140718600000000
-0.101868030000000
-0.111147300000000
-0.0924867840000000
-0.0478239300000000
-0.127462500000000
-0.215156690000000
-0.165191390000000
-0.172329290000000
-0.133580700000000
-0.113186700000000
-0.0788228100000000
-0.0520046980000000
-0.0554716800000000
-0.122364000000000
-0.123383700000000
-0.118285200000000
-0.117265500000000
-0.0731124840000000
-0.0556756170000000
0.00652607990000000
-0.0819838790000000
-0.166211090000000
-0.0875922290000000
-0.0979931650000000
-0.0403801170000000
-0.0149895890000000
0.0325284280000000
0.0660765610000000
0.0893257150000000
0.0481298390000000
0.0201900590000000
-0.00275319000000000
0.0297752400000000
0.0453766480000000
0.0800464470000000
0.105029100000000
0.137659500000000
0.164171690000000
0.189664190000000
0.130521600000000
0.0652607980000000
0.0208018790000000
0.0320185790000000
0.0380348080000000
0.0505771170000000
0.0239629490000000
-0.00856547930000000
-0.0171309590000000
-0.0115226100000000
-0.0233511290000000
-0.0252885580000000
-0.0160092890000000
-0.00703592990000000
0.0149895890000000
0.0386466300000000
0.0590406300000000
0.0260023490000000
-0.00418076980000000
-0.0436431580000000
-0.0135620100000000
0.00968714970000000
0.0234530990000000
-0.0131541290000000
-0.00509849980000000
0.00815759970000000
0.0214136990000000
0.0387485990000000
0.0520046980000000
0.0160092890000000
-0.00326303990000000
-0.0113186700000000
0.000509849980000000
0.00774971960000000
0.00356894990000000
-0.00968714970000000
-0.00367091980000000
-0.00163152000000000
0.00387485980000000
0.00866744970000000
-0.00571031970000000
-0.0309988790000000
-0.0429293670000000
-0.0248806790000000
-0.0240649200000000
-0.0180486900000000
-0.0131541290000000
-0.00183545990000000
0.0206999090000000
-0.0110127600000000
-0.00927927010000000
-0.00346698000000000
-0.0108088200000000
-0.0113186700000000
-0.0100950290000000
-0.000203940000000000
0.00744380990000000
0.0239629490000000
0.0361993490000000
0.0718888480000000
0.0794346290000000
0.0187624790000000
-0.0268181080000000
-0.0126442790000000
-0.00428273970000000
0.0162132290000000
0.00489456000000000
-0.0223314290000000
-0.0476199890000000
-0.0436431580000000
-0.0220255200000000
-0.00438471000000000
0.0162132290000000
0.0326303990000000
0.0427254300000000
0.0125423100000000
-0.0163151990000000
-0.0208018790000000
-0.00836153950000000
-0.0210058200000000
-0.0139698890000000
-0.00560834980000000
0.00540441000000000
0.0136639790000000
0.0271240190000000
0.0236570400000000
0.00805562980000000
-0.000815759980000000
0.0203939990000000
0.0443569480000000
0.0501692390000000
0.0194762700000000
0.00938123950000000
-0.00224334000000000
-0.00214136980000000
0.00530243960000000
0.00948320990000000
0.0260023490000000
0.0375249580000000
0.0535342480000000
0.0551657670000000
0.0433372480000000
0.0405840580000000
0.0570012300000000
0.0770893160000000
0.0372190490000000
0.0419096670000000
0.00999305980000000
-0.0208018790000000
-0.0253905290000000
-0.0412978490000000
-0.0421136080000000
-0.0480278670000000
-0.0441530080000000
-0.0467022580000000
-0.00581228960000000
0.0181506590000000
-0.0212097580000000
-0.0501692390000000
-0.0540440980000000
-0.0369131390000000
-0.0412978490000000
-0.0314067580000000
-0.0322225190000000
-0.0270220490000000
-0.0270220490000000
-0.0274299290000000
-0.0351796490000000
-0.0315087290000000
-0.0221274900000000
-0.00795365990000000
0.00887138950000000
0.0286535690000000
0.0316106990000000
0.0365052580000000
0.0347717670000000
0.0365052580000000
0.0292653900000000
0.0311008490000000
0.0114206390000000
0.0218215790000000
0.0138679200000000
0.0391564800000000
-0.0877961650000000
-0.137659500000000
-0.136639800000000
-0.137659500000000
-0.121344300000000
-0.106048800000000
-0.0845331290000000
-0.0663824660000000
-0.0452746800000000
-0.0263082580000000
-0.00611819980000000
-0.00927927010000000
-0.0185585400000000
-0.0149895890000000
0.00866744970000000
0.0166211090000000
0.00509849980000000
0.0269200790000000
0.0593465390000000
0.0884079840000000
0.122364000000000
0.173348990000000
0.113186700000000
-0.112167000000000
-0.0373210170000000
-0.0453766480000000
-0.0240649200000000
-0.0978911970000000
-0.0668923160000000
-0.0608760890000000
-0.0683198980000000
-0.0562874390000000
-0.00275319000000000
0.0385446580000000
0.109107900000000
0.170289890000000
0.0965655840000000
0.0416037580000000
0.0680139850000000
0.0134600390000000
-0.00968714970000000
-0.0530243980000000
-0.0843291840000000
-0.117265500000000
-0.117265500000000
-0.0818819100000000
-0.0376269300000000
0.00295713000000000
0.0555736480000000
0.120324600000000
0.164171690000000
-0.0275318990000000
0.00346698000000000
-0.00571031970000000
0.00203939990000000
0.0148876200000000
0.0547578890000000
0.0813720600000000
-0.0209038490000000
-0.0601622980000000
-0.0172329290000000
-0.0178447490000000
-0.00285515990000000
0.00754577980000000
0.0389525390000000
0.0578169890000000
0.0767834100000000
0.0816779660000000
0.0603662390000000
0.0309988790000000
0.00234530990000000
0.00652607990000000
-0.0413998170000000
-0.0459884670000000
-0.00805562980000000
0.0171309590000000
0.0578169890000000
0.00948320990000000
-0.00560834980000000
0.00448667990000000
-0.0125423100000000
-0.0287555400000000
-0.0445608890000000
-0.0358934400000000
-0.0260023490000000
-0.0113186700000000
0.0209038490000000
0.0529224300000000
0.0870823790000000
0.116245800000000
0.0747440110000000
0.0241668900000000
-0.0375249580000000
-0.0276338690000000
-0.0221274900000000
-0.0890198100000000
-0.0992168100000000
-0.0600603290000000
-0.0342619170000000
0.00785168950000000
0.0264102290000000
0.0518007570000000
0.0368111670000000
0.00825957010000000
-0.00571031970000000
-0.0213117290000000
-0.0323244900000000
-0.0242688580000000
-0.0383407170000000
-0.0560834980000000
-0.0736223340000000
-0.0818819100000000
-0.0533303070000000
-0.0346697990000000
-0.00112167000000000
0.00662804980000000
-0.00377288990000000
-0.000509849980000000
-0.0171309590000000
-0.0418076990000000
-0.00815759970000000
0.00805562980000000
0.0381367800000000
0.0627115480000000
0.0678100480000000
0.0259003790000000
-0.00581228960000000
-0.0483337800000000
-0.0363013170000000
-0.0247787080000000
-0.00489456000000000
0.0128482200000000
0.0386466300000000
0.0245747700000000
-0.0231471900000000
-0.0436431580000000
-0.0692376290000000
-0.0674021660000000
-0.0601622980000000
-0.0523106070000000
-0.0416037580000000
-0.0315087290000000
-0.0271240190000000
-0.0551657670000000
-0.0640371570000000
-0.0925887600000000
-0.113186700000000
-0.0898355650000000
-0.0785168970000000
-0.0593465390000000
-0.0482318080000000
-0.0339560080000000
-0.0202920290000000
0.00203939990000000
0.0215156700000000
0.0440510390000000
0.0625076070000000
0.0782109840000000
0.0951380100000000
0.109107900000000
0.115226100000000
0.121344300000000
0.127462500000000
0.135620100000000
0.162132290000000
0.183545990000000
0.208018790000000
0.126442800000000
0.0450707390000000
-0.0142758000000000
-0.0679120160000000
-0.0565933480000000
-0.0706652110000000
-0.100338480000000
-0.127462500000000
-0.120324600000000
-0.107068500000000
-0.0938123970000000
-0.0757637100000000
-0.0824937290000000
-0.0866744970000000
-0.0876941970000000
-0.0880001100000000
-0.0890198100000000
-0.0885099600000000
-0.0902434470000000
-0.0547578890000000
0.00530243960000000
0.0219235490000000
0.0249826490000000
0.0591425980000000
0.0320185790000000
0.0240649200000000
0.0494554480000000
0.0600603290000000
0.0535342480000000
0.0361993490000000
0.0200880900000000
0.0202920290000000
0.0501692390000000
0.0349757080000000
0.0293673580000000
0.0440510390000000
0.0243708290000000
0.00897335990000000
0.00785168950000000
-0.0150915600000000
-0.00785168950000000
-0.00193742990000000
0.00764774970000000
0.00448667990000000
-0.0147856490000000
-0.0322225190000000
-0.0245747700000000
-0.00285515990000000
0.0185585400000000
0.0434392170000000
0.0447648300000000
0.0522086390000000
0.0475180170000000
0.0488436300000000
0.0196802090000000
0.0226373400000000
0.0279397790000000
0.0400742080000000
0.0513928800000000
0.0588366890000000
0.0599583570000000
0.0838193340000000
0.0812700840000000
0.0967695280000000
0.0351796490000000
0.00458864980000000
-0.0125423100000000
-0.0353835900000000
-0.0434392170000000
-0.0424195170000000
-0.0280417490000000
-0.0275318990000000
0.00754577980000000
0.0436431580000000
-0.0235550700000000
-0.0394623890000000
-0.00846350990000000
0.0141738290000000
0.0453766480000000
0.00275319000000000
-0.0710730840000000
-0.0811681160000000
-0.0255944700000000
-0.0137659500000000
0.00805562980000000
-0.0117265500000000
-0.0255944700000000
-0.0339560080000000
-0.0274299290000000
-0.0306929690000000
-0.0203939990000000
-0.00683198960000000
-0.00387485980000000
0.0107068500000000
0.0301831190000000
0.0350776800000000
0.0975852840000000
0.0915690600000000
0.0182526290000000
-0.0369131390000000
-0.101358180000000
-0.0822897840000000
-0.0758656790000000
-0.0549618300000000
-0.0336500990000000
-0.0130521600000000
0.00316106980000000
0.0150915600000000
0.0518007570000000
-0.00224334000000000
-0.0498633300000000
-0.0365052580000000
-0.0704612660000000
-0.0526165170000000
-0.0378308670000000
0.00897335990000000
0.0644450390000000
0.0857567650000000
0.130521600000000
0.141738300000000
0.121344300000000
0.0765794660000000
0.0229432490000000
-0.00897335990000000
-0.0231471900000000
0.00754577980000000
0.0184565700000000
0.0554716800000000
0.0406860300000000
0.00458864980000000
-0.00836153950000000
-0.0188644490000000
-0.00203939990000000
0.000611820000000000
-0.0119304890000000
-0.0214136990000000
-0.0308969080000000
-0.0522086390000000
-0.0741321840000000
-0.0590406300000000
-0.0271240190000000
-0.0181506590000000
0.00407879990000000
0.00999305980000000
0.0139698890000000
0.0225353700000000
0.0445608890000000
0.00927927010000000
-0.0558795570000000
-0.0565933480000000
-0.0247787080000000
-0.00825957010000000
0.0254924990000000
0.0418076990000000
0.0185585400000000
-0.00275319000000000
-0.0247787080000000
-0.00152954990000000
0.0251865900000000
0.0491495390000000
0.0798425100000000
0.0634253390000000
0.0337520670000000
-0.00142757990000000
-0.0198841490000000
-0.0251865900000000
-0.0216176400000000
-0.0112167000000000
0.00509849980000000
0.0245747700000000
-0.00346698000000000
-0.0220255200000000
-0.0480278670000000
-0.0370151080000000
-0.0198841490000000
-0.00183545990000000
0.0173348990000000
-0.00815759970000000
0.000509849980000000
0.0234530990000000
0.0381367800000000
0.0612839660000000
0.0526165170000000
0.0440510390000000
0.0350776800000000
0.0514948480000000
0.0665864110000000
0.0696455110000000
0.0175388400000000
-0.0173348990000000
-0.0537381890000000
-0.0677080790000000
-0.0394623890000000
-0.0226373400000000
-0.00336500980000000
0.0121344290000000
-0.0130521600000000
-0.0357914670000000
-0.0524125800000000
-0.0341599490000000
-0.0222294580000000
-0.00122364000000000
0.0144797390000000
0.00713789980000000
-0.00642411000000000
-0.0122364000000000
-0.0328343400000000
-0.0352816170000000
-0.00927927010000000
0.00744380990000000
0.0315087290000000
0.0481298390000000
0.0614879070000000
0.0587347160000000
0.0336500990000000
-0.00744380990000000
-0.0792306840000000
-0.0619977570000000
-0.0446628580000000
-0.0213117290000000
0.00316106980000000
0.0356894990000000
0.0298772080000000
0.0123383700000000
0.0344658580000000
0.0323244900000000
0.0259003790000000
0.0210058200000000
0.0201900590000000
0.0177427790000000
0.00214136980000000
-0.0146836790000000
-0.0349757080000000
-0.0345678300000000
-0.0147856490000000
-0.00285515990000000
0.0173348990000000
-0.00978912000000000
-0.0260023490000000
-0.0284496290000000
-0.0395643580000000
-0.0246767400000000
-0.0219235490000000
-0.0185585400000000
-0.0177427790000000
-0.00387485980000000
-0.00275319000000000
-0.0188644490000000
-0.0125423100000000
0.00887138950000000
0.0349757080000000
0.0708691480000000
0.0927926970000000
0.0869804100000000
0.0774971970000000
0.0523106070000000
0.0189664200000000
0.00152954990000000
-0.0193742990000000
-0.0153974700000000
-0.00744380990000000
0.00214136980000000
0.0131541290000000
0.0219235490000000
0.00244728000000000
-0.0126442790000000
-0.0335481300000000
-0.0529224300000000
-0.0721947610000000
-0.0590406300000000
-0.0471101390000000
-0.0313047900000000
-0.0147856490000000
-0.000917729940000000
-0.0183545990000000
-0.0324264580000000
-0.0474160480000000
-0.0398702670000000
-0.0351796490000000
-0.0322225190000000
-0.0443569480000000
-0.0500672670000000
-0.0484357480000000
-0.0428273990000000
-0.0368111670000000
-0.0282456900000000
-0.0263082580000000
-0.0141738290000000
-0.00693396000000000
0.0516987890000000
0.0736223340000000
0.0895296600000000
0.0797405340000000
0.0780070470000000
0.0447648300000000
0.00815759970000000
0.00132560990000000
-0.0128482200000000
-0.00152954990000000
0.00305909990000000
0.0106048790000000
0.0106048790000000
0.0196802090000000
0.0209038490000000
0.00754577980000000
-0.00571031970000000
-0.00734183960000000
0.00713789980000000
0.0108088200000000
0.0149895890000000
-0.000917729940000000
-0.0162132290000000
-0.0190683900000000
-0.000713789960000000
0.0158053490000000
0.0107068500000000
-0.0117265500000000
-0.0307949400000000
-0.0315087290000000
-0.00968714970000000
-0.00591426000000000
0.000407879990000000
0.00203939990000000
0.00509849980000000
0.00581228960000000
0.00989108950000000
0.0136639790000000
0.0180486900000000
0.0222294580000000
0.0266141690000000
0.0307949400000000
0.0352816170000000
0.0393604170000000
0.0483337800000000
0.0400742080000000
0.0242688580000000
0.0117265500000000
-0.00805562980000000
-0.0126442790000000
0.00550637990000000
0.00275319000000000
-0.0254924990000000
-0.0577150160000000
-0.0642410980000000
-0.0602642660000000
-0.0421136080000000
-0.00693396000000000
0.0277358400000000
0.0282456900000000
-0.00214136980000000
-0.00611819980000000
-0.0112167000000000
-0.0225353700000000
-0.0424195170000000
-0.0529224300000000
-0.0226373400000000
0.00305909990000000
0.00805562980000000
0.0141738290000000
0.0174368700000000
0.0257984080000000
0.0329363080000000
0.0398702670000000
0.0167230790000000
-0.0138679200000000
-0.0329363080000000
-0.0296732690000000
-0.0292653900000000
-0.0309988790000000
-0.0345678300000000
-0.0249826490000000
-0.00774971960000000
0.0127462500000000
0.0383407170000000
0.0409919390000000
0.0249826490000000
0.0159073200000000
-0.00407879990000000
-0.0156014100000000
-0.0294693290000000
-0.0322225190000000
-0.0113186700000000
0.00958517930000000
0.0341599490000000
0.0587347160000000
0.0432352800000000
0.0145817100000000
-0.000713789960000000
-0.0137659500000000
-0.0275318990000000
-0.0347717670000000
-0.0364032900000000
-0.0403801170000000
-0.0409919390000000
-0.0497613570000000
-0.0489455980000000
-0.0413998170000000
-0.0415017890000000
-0.0357914670000000
-0.0190683900000000
-0.00581228960000000
0.00448667990000000
-0.00193742990000000
-0.00734183960000000
-0.0172329290000000
-0.0117265500000000
0.0128482200000000
0.0365052580000000
0.0666883790000000
0.0730105160000000
0.0777011340000000
0.0753558290000000
0.0640371570000000
0.0493534800000000
0.0269200790000000
-0.00448667990000000
-0.0293673580000000
-0.0391564800000000
-0.0501692390000000
-0.0436431580000000
-0.0424195170000000
-0.0281437190000000
-0.00530243960000000
0.0241668900000000
0.0434392170000000
0.0615898790000000
0.0460904390000000
0.0289594790000000
0.0128482200000000
-0.00550637990000000
-0.0280417490000000
-0.0431333080000000
-0.0178447490000000
0.000101970000000000
0.0259003790000000
0.0490475670000000
0.0653627660000000
0.0564913800000000
0.0421136080000000
0.0187624790000000
-0.00489456000000000
-0.0308969080000000
-0.0541460670000000
-0.0721947610000000
-0.0946281600000000
-0.0880001100000000
-0.0643430660000000
-0.0383407170000000
0.00887138950000000
0.0315087290000000
0.0600603290000000
0.0626095790000000
0.0392584490000000
0.0357914670000000
0.0317126690000000
0.0250846200000000
0.00193742990000000
-0.0201900590000000
-0.0161112600000000
-0.00152954990000000
0.0100950290000000
0.0291634190000000
0.0416037580000000
0.0574091070000000
0.0541460670000000
0.0320185790000000
0.0168250490000000
-0.00244728000000000
-0.0192723290000000
-0.0281437190000000
-0.0378308670000000
-0.0458864980000000
-0.0544519800000000
-0.0492515080000000
-0.0386466300000000
-0.0301831190000000
-0.0199861200000000
-0.0187624790000000
-0.0162132290000000
-0.0121344290000000
-0.00540441000000000
0.000203940000000000
0.00601622990000000
-0.00234530990000000
-0.0114206390000000
-0.0209038490000000
-0.0328343400000000
-0.0395643580000000
-0.0347717670000000
-0.0292653900000000
-0.0334461580000000
-0.0415017890000000
-0.0496593890000000
-0.0574091070000000
-0.0656686790000000
-0.0565933480000000
-0.0454786170000000
-0.000815759980000000
0.0257984080000000
0.0419096670000000
0.0656686790000000
0.0590406300000000
0.0483337800000000
0.0391564800000000
0.0392584490000000
0.0346697990000000
0.0364032900000000
0.000815759980000000
-0.0259003790000000
-0.0469061980000000
-0.0480278670000000
-0.0226373400000000
-0.00662804980000000
0.0167230790000000
0.0361993490000000
0.0513928800000000
0.0378308670000000
0.0285515990000000
0.0161112600000000
0.00418076980000000
-0.00275319000000000
0.00214136980000000
0.00448667990000000
0.0100950290000000
0.0137659500000000
0.00958517930000000
0.00591426000000000
0.00224334000000000
-0.00316106980000000
-0.00316106980000000
0.000407879990000000
-0.00254924990000000
-0.0126442790000000
-0.0239629490000000
-0.0413998170000000
-0.0540440980000000
-0.0714809660000000
-0.0329363080000000
-0.00530243960000000
0.00958517930000000
0.0334461580000000
0.0487416580000000
0.0519027300000000
0.0365052580000000
0.0348737400000000
0.0312028190000000
0.0290614490000000
0.0268181080000000
0.0171309590000000
-0.000509849980000000
-0.0216176400000000
-0.0372190490000000
-0.0316106990000000
-0.0302850900000000
-0.0285515990000000
-0.0241668900000000
-0.0271240190000000
-0.0314067580000000
-0.0373210170000000
-0.0364032900000000
-0.0314067580000000
-0.0196802090000000
0.00193742990000000
0.0199861200000000
0.0163151990000000
0.0131541290000000
0.0142758000000000
0.0112167000000000
0.0110127600000000
0.00938123950000000
0.00907532930000000
0.00193742990000000
-0.0133580700000000
-0.0251865900000000
-0.0444589170000000
-0.0440510390000000
-0.0305909990000000
-0.0195782400000000
-0.00489456000000000
0.00989108950000000
0.0171309590000000
0.0150915600000000
0.0176408090000000
0.00795365990000000
-0.00591426000000000
-0.0219235490000000
-0.0238609790000000
0.00611819980000000
0.0267161400000000
0.0274299290000000
0.00856547930000000
-0.00418076980000000
-0.0231471900000000
-0.00774971960000000
0.00316106980000000
0.0185585400000000
0.0316106990000000
0.0488436300000000
0.0468042300000000
0.0169270200000000
-0.00591426000000000
-0.0403801170000000
-0.0452746800000000
-0.0245747700000000
-0.0102989700000000
0.0221274900000000
0.0266141690000000
0.0123383700000000
0.000815759980000000
-0.0171309590000000
-0.0389525390000000
-0.0577150160000000
-0.0796385660000000
-0.0631194290000000
-0.0261043190000000
0.00448667990000000
0.0464983170000000
0.0798425100000000
0.112167000000000
0.0971774100000000
0.0498633300000000
0.0124403390000000
-0.0394623890000000
-0.0862666150000000
-0.125423100000000
-0.0881020790000000
-0.0628135160000000
-0.0232491580000000
0.0152954990000000
0.0486396890000000
0.0329363080000000
0.0252885580000000
0.00968714970000000
0.0231471900000000
0.0344658580000000
0.0514948480000000
0.0605701790000000
0.0529224300000000
0.0562874390000000
0.0606721480000000
0.0629154890000000
0.0604682070000000
0.0475180170000000
0.0161112600000000
-0.00785168950000000
-0.0234530990000000
-0.0308969080000000
-0.0335481300000000
-0.0371170800000000
-0.0499652980000000
-0.0673001980000000
-0.0737243110000000
-0.0799444790000000
-0.0862666150000000
-0.0577150160000000
-0.0213117290000000
0.0130521600000000
0.0388505670000000
0.0497613570000000
0.0370151080000000
0.0254924990000000
0.0161112600000000
0.0384426890000000
0.0605701790000000
0.0642410980000000
0.0377288990000000
0.0221274900000000
0.00407879990000000
0.00234530990000000
-0.00632213960000000
-0.0291634190000000
-0.0387485990000000
-0.0466002890000000
-0.0514948480000000
-0.0792306840000000
-0.0640371570000000
-0.0192723290000000
0.0192723290000000
0.0519027300000000
0.0758656790000000
0.0763755290000000
0.0573071390000000
0.0463963480000000
0.0535342480000000
0.0647509480000000
0.0745400660000000
0.0867764650000000
0.0945261840000000
0.0994207470000000
0.0947301280000000
0.0830035790000000
0.0269200790000000
-0.0294693290000000
-0.0918749650000000
-0.138679200000000
-0.0875922290000000
-0.0477219580000000
0.00825957010000000
0.0605701790000000
0.0839213100000000
0.0566953160000000
0.0306929690000000
-0.00112167000000000
-0.0387485990000000
-0.0353835900000000
-0.00203939990000000
0.0183545990000000
0.0645470070000000
0.102989700000000
0.114206400000000
0.113186700000000
0.0958517970000000
0.0820858470000000
0.0619977570000000
0.0518007570000000
0.0210058200000000
-0.0204959700000000
-0.0583268390000000
-0.104009400000000
-0.135620100000000
-0.125423100000000
-0.123383700000000
-0.102989700000000
-0.0777011340000000
-0.0558795570000000
-0.0498633300000000
-0.0412978490000000
-0.0296732690000000
-0.0179467200000000
-0.0143777700000000
-0.00999305980000000
-0.00509849980000000
0.00193742990000000
0.00815759970000000
0.00356894990000000
-0.00295713000000000
-0.00622016970000000
-0.00346698000000000
-0.00132560990000000
0.00774971960000000
0.0209038490000000
0.0333441900000000
0.0458864980000000
0.0588366890000000
0.0573071390000000
0.0473140800000000
0.0305909990000000
0.0109107890000000
-0.000407879990000000
-0.00336500980000000
-0.00703592990000000
-0.0102989700000000
-0.0204959700000000
-0.0191703590000000
0.00254924990000000
0.0136639790000000
0.0247787080000000
0.0271240190000000
0.0270220490000000
0.0158053490000000
-0.00193742990000000
-0.00968714970000000
-0.0220255200000000
-0.0170289900000000
-0.0122364000000000
-0.00652607990000000
-0.0131541290000000
-0.0166211090000000
-0.0196802090000000
-0.0246767400000000
-0.0240649200000000
-0.0178447490000000
-0.0126442790000000
-0.0188644490000000
-0.0270220490000000
-0.0329363080000000
-0.0342619170000000
-0.0462943800000000
-0.0438470980000000
-0.0340579800000000
-0.0217196080000000
-0.00703592990000000
0.00305909990000000
0.000305910000000000
-0.00948320990000000
-0.00907532930000000
-0.0152954990000000
-0.0167230790000000
-0.0242688580000000
-0.0329363080000000
-0.0429293670000000
-0.0466002890000000
-0.0404820890000000
-0.0355875300000000
-0.0263082580000000
-0.0175388400000000
-0.00203939990000000
0.0159073200000000
0.0289594790000000
0.0369131390000000
0.0360973800000000
0.0274299290000000
0.0102989700000000
-0.00458864980000000
-0.0127462500000000
-0.0249826490000000
-0.0233511290000000
-0.0128482200000000
-0.00693396000000000
0.00183545990000000
0.00948320990000000
0.0203939990000000
0.0291634190000000
0.0372190490000000
0.0317126690000000
0.0184565700000000
0.00244728000000000
-0.0159073200000000
-0.0325284280000000
-0.0223314290000000
-0.0120324600000000
0.00152954990000000
0.0156014100000000
0.0303870580000000
0.0247787080000000
0.0138679200000000
0.0104009390000000
0.00244728000000000
-0.00101970000000000
-0.00234530990000000
-0.00367091980000000
-0.00489456000000000
-0.00907532930000000
-0.0158053490000000
-0.0150915600000000
-0.00774971960000000
0
-0.00203939990000000
-0.0150915600000000
-0.0229432490000000
-0.0381367800000000
-0.0372190490000000
-0.0255944700000000
-0.0167230790000000
-0.00142757990000000
0.0156014100000000
0.0307949400000000
0.0400742080000000
0.0413998170000000
0.0392584490000000
0.0335481300000000
0.0186605090000000
0.0127462500000000
0.00713789980000000
-0.000101970000000000
-0.00693396000000000
-0.0132561000000000
-0.0130521600000000
-0.0117265500000000
-0.0104009390000000
-0.00856547930000000
-0.0143777700000000
-0.0209038490000000
-0.0274299290000000
-0.0356894990000000
-0.0366072300000000
-0.0302850900000000
-0.0231471900000000
0.00183545990000000
0.0100950290000000
0.0206999090000000
0.0261043190000000
0.0202920290000000
0.0163151990000000
0.0109107890000000
0.0159073200000000
0.0201900590000000
0.0246767400000000
0.0143777700000000
0.00560834980000000
-0.00673001970000000
-0.00989108950000000
-0.00265121980000000
0.00163152000000000
0.0101970000000000
0.00958517930000000
0.00397683000000000
0
-0.00673001970000000
-0.0100950290000000
-0.0111147290000000
-0.0117265500000000
-0.0133580700000000
-0.0171309590000000
-0.0202920290000000
-0.0106048790000000
-0.00101970000000000
0.00560834980000000
0.0131541290000000
0.0203939990000000
0.0202920290000000
0.0172329290000000
0.0145817100000000
0.0111147290000000
0.0130521600000000
0.0154994390000000
0.0139698890000000
0.0119304890000000
0.00989108950000000
0.00611819980000000
-0.00285515990000000
-0.00509849980000000
-0.00856547930000000
-0.0181506590000000
-0.0327323670000000
-0.0428273990000000
-0.0528204570000000
-0.0481298390000000
-0.0401761800000000
-0.0295712990000000
-0.0112167000000000
0.00509849980000000
0.0134600390000000
0.0160092890000000
0.0180486900000000
0.0198841490000000
0.0260023490000000
0.0337520670000000
0.0334461580000000
0.0256964400000000
0.0176408090000000
0.00458864980000000
-0.00866744970000000
-0.0193742990000000
-0.0233511290000000
-0.0309988790000000
-0.0282456900000000
-0.0231471900000000
-0.0177427790000000
-0.0123383700000000
-0.0128482200000000
-0.0131541290000000
-0.00815759970000000
-0.00265121980000000
0.00397683000000000
0.00662804980000000
0.00560834980000000
0.00509849980000000
0.00652607990000000
0.0128482200000000
0.0182526290000000
0.0247787080000000
0.0313047900000000
0.0303870580000000
0.0255944700000000
0.0220255200000000
0.0166211090000000
0.0195782400000000
0.0238609790000000
0.0287555400000000
0.0306929690000000
0.0199861200000000
0.0108088200000000
-0.00397683000000000
-0.0166211090000000
-0.0328343400000000
-0.0341599490000000
-0.0223314290000000
-0.0150915600000000
-0.00101970000000000
0.00112167000000000
-0.00540441000000000
-0.0102989700000000
-0.0128482200000000
-0.0145817100000000
-0.0131541290000000
-0.0106048790000000
-0.00723986970000000
-0.00183545990000000
0.00336500980000000
0.00866744970000000
0.0161112600000000
0.0243708290000000
0.0325284280000000
0.0347717670000000
0.0324264580000000
0.0217196080000000
0.00744380990000000
0.000917729940000000
-0.00152954990000000
-0.00479258960000000
-0.00764774970000000
-0.0123383700000000
-0.0159073200000000
-0.0118285200000000
-0.00571031970000000
-0.000611820000000000
-0.000305910000000000
-0.000305910000000000
0.00142757990000000
0.00469061970000000
0.00734183960000000
0.00876942010000000
0.00999305980000000
0.0126442790000000
0.0149895890000000
0.0175388400000000
0.0203939990000000
0.0261043190000000
0.0323244900000000
0.0292653900000000
0.0235550700000000
0.0107068500000000
-0.000101970000000000
-0.00112167000000000
-0.00367091980000000
-0.00540441000000000
-0.00846350990000000
-0.00530243960000000
-0.000713789960000000
0.00377288990000000
0.00978912000000000
0.0158053490000000
0.0209038490000000
0.0145817100000000
0.00744380990000000
0.00214136980000000
-0.00224334000000000
-0.00713789980000000
-0.0101970000000000
-0.00764774970000000
-0.00550637990000000
-0.00295713000000000
-0.00152954990000000
0
-0.000101970000000000
-0.000611820000000000
-0.00112167000000000
-0.00101970000000000
-0.000305910000000000
0.000101970000000000
0.00163152000000000
0.00540441000000000
0.00876942010000000
0.0128482200000000
0.0157033790000000
0.0133580700000000
0.0104009390000000
0.00571031970000000
0.000611820000000000
-0.00407879990000000
-0.00999305980000000
-0.00978912000000000
-0.00469061970000000
-0.000713789960000000
0.00316106980000000
0.00458864980000000
0.00693396000000000
0.00530243960000000
0.00458864980000000
0.00183545990000000
-0.000203940000000000
-0.00295713000000000
-0.00285515990000000
-0.00173349000000000
-0.000611820000000000
-0.000509849980000000
-0.00173349000000000
-0.00224334000000000
-0.00367091980000000
-0.00326303990000000
-0.000713789960000000
0.00142757990000000
0.00418076980000000
0.00662804980000000
0.00642411000000000
0.00530243960000000
0.000611820000000000
-0.00458864980000000
-0.00774971960000000
-0.00652607990000000
-0.00662804980000000
-0.0109107890000000
-0.0164171700000000
-0.0177427790000000
-0.0119304890000000
-0.00713789980000000
-0.00367091980000000
-0.00254924990000000
-0.000203940000000000
0.000407879990000000
0.00367091980000000
0.00836153950000000
0.0117265500000000
0.00713789980000000
0.00387485980000000
-0.00101970000000000
-0.00254924990000000
-0.00346698000000000
-0.00418076980000000
-0.00458864980000000
-0.00662804980000000
-0.0122364000000000
-0.0119304890000000
-0.0110127600000000
-0.00999305980000000
-0.00825957010000000
-0.00774971960000000
-0.0112167000000000
-0.0140718600000000
-0.0169270200000000
-0.0146836790000000
-0.0132561000000000
-0.0113186700000000
-0.0110127600000000
-0.00999305980000000
-0.00999305980000000
-0.00642411000000000
-0.000203940000000000
0.00550637990000000
0.0112167000000000
0.0154994390000000
0.0200880900000000
0.0173348990000000
0.0142758000000000
0.0105029100000000
0.00652607990000000
0.00101970000000000
-0.00683198960000000
-0.0107068500000000
-0.0124403390000000
-0.0140718600000000
-0.0169270200000000
-0.0219235490000000
-0.0274299290000000
-0.0279397790000000
-0.0221274900000000
-0.0181506590000000
-0.0118285200000000
-0.00622016970000000
0
0.00550637990000000
0.0100950290000000
0.0146836790000000
0.0190683900000000
0.0236570400000000
0.0267161400000000
0.0260023490000000
0.0231471900000000
0.0174368700000000
0.0129501890000000
0.00550637990000000
-0.00479258960000000
-0.0151935290000000
-0.0214136990000000
-0.0259003790000000
-0.0256964400000000
-0.0249826490000000
-0.0230452200000000
-0.0182526290000000
-0.0138679200000000
-0.00836153950000000
-0.00142757990000000
0.00448667990000000
0.00907532930000000
0.00989108950000000
0.0101970000000000
0.0101970000000000
0.0106048790000000
0.0138679200000000
0.0123383700000000
0.0101970000000000
0.00734183960000000
0.00193742990000000
-0.00285515990000000
-0.00846350990000000
-0.0133580700000000
-0.0193742990000000
-0.0197821790000000
-0.0141738290000000
-0.0101970000000000
-0.00448667990000000
-0.00448667990000000
-0.00407879990000000
-0.00458864980000000
-0.00499652990000000
-0.00397683000000000
-0.00214136980000000
-0.00224334000000000
-0.00163152000000000
-0.00163152000000000
-0.00122364000000000
-0.00122364000000000
0.00285515990000000
0.00693396000000000
0.0117265500000000
0.00978912000000000
0.00571031970000000
0.00173349000000000
-0.00316106980000000
-0.00795365990000000
-0.00938123950000000
-0.00938123950000000
-0.00968714970000000
-0.00938123950000000
-0.00876942010000000
-0.00530243960000000
-0.00224334000000000
0.00142757990000000
0.00387485980000000
0.00346698000000000
0.00346698000000000
0.00295713000000000
0.00407879990000000
0.00550637990000000
0.00683198960000000
0.00866744970000000
0.00887138950000000
0.00785168950000000
0.00713789980000000
0.00622016970000000
0.00764774970000000
0.00887138950000000
0.0104009390000000
0.0113186700000000
0.00917729970000000
0.00764774970000000
0.00540441000000000
0.00632213960000000
0.00805562980000000
0.00989108950000000
0.0120324600000000
0.0137659500000000
0.0107068500000000
0.00785168950000000
0.00448667990000000
0.00122364000000000
-0.00214136980000000
-0.00428273970000000
-0.00693396000000000
-0.00887138950000000
-0.0122364000000000
-0.0162132290000000
-0.0201900590000000
-0.0237590080000000
-0.0263082580000000
-0.0275318990000000
-0.0283476580000000
-0.0292653900000000
-0.0283476580000000
-0.0275318990000000
-0.0263082580000000
-0.0255944700000000
-0.0223314290000000
-0.0176408090000000
-0.0131541290000000
-0.0111147290000000
-0.0107068500000000
-0.00968714970000000
-0.00927927010000000
-0.00734183960000000
-0.00601622990000000
-0.00407879990000000
-0.00234530990000000
0.00183545990000000
0.00356894990000000
0.00428273970000000
0.00489456000000000
0.00438471000000000
0.00438471000000000
0.00387485980000000
0.00367091980000000
0.00326303990000000
0.00479258960000000
0.00642411000000000
0.00866744970000000
0.0112167000000000
0.0136639790000000
0.0163151990000000
0.0184565700000000
0.0176408090000000
0.0171309590000000
0.0162132290000000
0.0149895890000000
0.0110127600000000
0.00693396000000000
0.00326303990000000
0.000917729940000000
0.00193742990000000
0.00285515990000000
0.00407879990000000
0.00550637990000000
0.00703592990000000
0.00968714970000000
0.0119304890000000
0.0145817100000000
0.0145817100000000
0.0127462500000000
0.0124403390000000
0.0126442790000000
0.0128482200000000
0.0132561000000000
0.0135620100000000
0.0108088200000000
0.00805562980000000
0.00469061970000000
0.00203939990000000
0.000509849980000000
-0.00112167000000000
-0.00254924990000000
-0.00112167000000000
0.00183545990000000
0.00438471000000000
0.00774971960000000
0.0105029100000000
0.0135620100000000
0.0102989700000000
0.00632213960000000
0.00183545990000000
-0.00275319000000000
-0.00815759970000000
-0.00907532930000000
-0.00550637990000000
-0.00305909990000000
0.000611820000000000
0.00122364000000000
0.00224334000000000
0.00275319000000000
0.00326303990000000
0.00489456000000000
0.00703592990000000
0.00907532930000000
0.0114206390000000
0.0135620100000000
0.0142758000000000
0.0139698890000000
0.0142758000000000
0.0137659500000000
0.0141738290000000
0.0104009390000000
0.00305909990000000
-0.00326303990000000
-0.00642411000000000
-0.00866744970000000
-0.0114206390000000
-0.0160092890000000
-0.0200880900000000
-0.0191703590000000
-0.0185585400000000
-0.0173348990000000
-0.0159073200000000
-0.0144797390000000
-0.0131541290000000
-0.0127462500000000
-0.0122364000000000
-0.0118285200000000
-0.0116245790000000
-0.0108088200000000
-0.00652607990000000
-0.00214136980000000
0.000203940000000000
-0.000407879990000000
-0.000407879990000000
-0.00142757990000000
-0.00193742990000000
-0.000815759980000000
0.00112167000000000
0.00275319000000000
0.00509849980000000
0.00540441000000000
0.00428273970000000
0.00305909990000000
0.00112167000000000
-0.000509849980000000
-0.00244728000000000
-0.00203939990000000
-0.000713789960000000
0.000407879990000000
0.00193742990000000
0.00336500980000000
0.00489456000000000
0.00581228960000000
0.00662804980000000
0.00754577980000000
0.00825957010000000
0.00927927010000000
0.0129501890000000
0.0172329290000000
0.0146836790000000
0.0107068500000000
0.00713789980000000
0.00356894990000000
0.000203940000000000
-0.00326303990000000
-0.00652607990000000
-0.00968714970000000
-0.00927927010000000
-0.00846350990000000
-0.00744380990000000
-0.00520046970000000
-0.00305909990000000
-0.000407879990000000
0.00336500980000000
0.00530243960000000
0.00448667990000000
0.00407879990000000
0.00305909990000000
0.00203939990000000
0.00101970000000000
0.000101970000000000
-0.00101970000000000
-0.00142757990000000
0.000203940000000000
0.00163152000000000
0.00305909990000000
0.00234530990000000
0.00163152000000000
0.00163152000000000
0.00265121980000000
0.00326303990000000
0.00458864980000000
0.00469061970000000
0.00214136980000000
-0.000305910000000000
-0.00305909990000000
-0.00611819980000000
-0.00887138950000000
-0.0118285200000000
-0.0109107890000000
-0.00958517930000000
-0.00795365990000000
-0.00693396000000000
-0.00642411000000000
-0.00581228960000000
-0.00509849980000000
-0.00418076980000000
-0.00336500980000000
-0.00244728000000000
-0.00142757990000000
-0.000509849980000000
0.000407879990000000
0.00132560990000000
0.00214136980000000
0.000101970000000000
-0.00183545990000000
-0.00407879990000000
-0.00652607990000000
-0.00887138950000000
-0.0112167000000000
-0.0131541290000000
-0.0153974700000000
-0.0168250490000000
-0.0177427790000000
-0.0187624790000000
-0.0197821790000000
-0.0205979400000000
-0.0217196080000000
-0.0201900590000000
-0.0176408090000000
-0.0137659500000000
-0.00662804980000000
-0.00142757990000000
0.00203939990000000
0.00560834980000000
0.00836153950000000
0.00907532930000000
0.0104009390000000
0.00948320990000000
0.00815759970000000
0.00622016970000000
0.00336500980000000
0.000305910000000000
-0.00244728000000000
-0.00581228960000000
-0.00458864980000000
-0.00132560990000000
0.00132560990000000
0.00336500980000000
0.00489456000000000
0.00550637990000000
0.00591426000000000
0.00632213960000000
0.00662804980000000
0.00703592990000000
0.00734183960000000
0.00764774970000000
0.00785168950000000
0.00744380990000000
0.00703592990000000
0.00652607990000000
0.00591426000000000
0.00550637990000000
0.00489456000000000
0.00622016970000000
0.00805562980000000
0.00978912000000000
0.0116245790000000
0.0128482200000000
0.0141738290000000
0.0133580700000000
0.0125423100000000
0.0116245790000000
0.0105029100000000
0.00887138950000000
0.00734183960000000
0.00571031970000000
0.00407879990000000
0.00244728000000000
0.000713789960000000
0.000407879990000000
0.000815759980000000
0.000917729940000000
0.00234530990000000
0.00428273970000000
0.00530243960000000
0.00622016970000000
0.00734183960000000
0.00805562980000000
0.00907532930000000
0.00968714970000000
0.00968714970000000
0.00948320990000000
0.00907532930000000
0.00254924990000000
0
-0.000509849980000000
-0.00203939990000000
-0.00244728000000000
-0.00336500980000000
-0.00489456000000000
-0.00652607990000000
-0.00815759970000000
-0.00989108950000000
-0.0116245790000000
-0.0130521600000000
-0.0108088200000000
-0.00907532930000000
-0.00673001970000000
-0.00438471000000000
-0.00193742990000000
-0.00112167000000000
-0.000917729940000000
-0.000509849980000000
-0.000407879990000000
0.000509849980000000
0.00142757990000000
0.00244728000000000
0.00356894990000000
0.00438471000000000
0.00448667990000000
0.00397683000000000
0.00132560990000000
-0.000815759980000000
-0.00367091980000000
-0.00479258960000000
-0.00560834980000000
-0.00632213960000000
-0.00693396000000000
-0.00744380990000000
-0.00815759970000000
-0.00764774970000000
-0.00652607990000000
-0.00285515990000000
0.000509849980000000
0.00469061970000000
0.00662804980000000
0.00611819980000000
0.00611819980000000
0.00550637990000000
0.00499652990000000
0.00448667990000000
0.00397683000000000
0.00295713000000000
0
-0.00265121980000000
-0.00530243960000000
-0.00428273970000000
-0.00377288990000000
-0.00254924990000000
-0.00152954990000000
-0.000203940000000000
0.000203940000000000
0
-0.000101970000000000
-0.000407879990000000
-0.000713789960000000
-0.000611820000000000
-0.000101970000000000
0.000305910000000000
0.000713789960000000
-0.000101970000000000
-0.000713789960000000
-0.00152954990000000
-0.00244728000000000
-0.00295713000000000
-0.00285515990000000
-0.00285515990000000
-0.00254924990000000
-0.00244728000000000
-0.00214136980000000
-0.00275319000000000
-0.00448667990000000
-0.00591426000000000
-0.00774971960000000
-0.00856547930000000
-0.00836153950000000
-0.00846350990000000
-0.00764774970000000
-0.00509849980000000
-0.00285515990000000
-0.000203940000000000
0.00183545990000000
0.00183545990000000
0.00214136980000000
0.00214136980000000
0.00214136980000000
0.00316106980000000
0.00438471000000000
0.00499652990000000
0.00499652990000000
0.00499652990000000
0.00489456000000000
0.00479258960000000
0.00530243960000000
0.00683198960000000
0.00805562980000000
0.00968714970000000
0.00989108950000000
0.00978912000000000
0.00978912000000000
0.00948320990000000
0.00927927010000000
0.00907532930000000
0.00887138950000000
0.00856547930000000
0.00836153950000000
0.00815759970000000
0.00785168950000000
0.00632213960000000
0.00479258960000000
0.00356894990000000
0.00367091980000000
0.00346698000000000
0.00356894990000000
0.00367091980000000
0.00326303990000000
0.00193742990000000
0.00152954990000000
0.00142757990000000
0.00122364000000000
0.00122364000000000
0.00112167000000000
0
-0.00101970000000000
-0.00203939990000000
-0.00254924990000000
-0.00295713000000000
-0.00336500980000000
-0.00377288990000000
-0.00489456000000000
-0.00642411000000000
-0.00785168950000000
-0.00938123950000000
-0.0109107890000000
-0.0124403390000000
-0.0140718600000000
-0.0145817100000000
-0.0122364000000000
-0.0105029100000000
-0.00795365990000000
-0.00683198960000000
-0.00642411000000000
-0.00591426000000000
-0.00571031970000000
-0.00540441000000000
-0.00509849980000000
-0.00489456000000000
-0.00458864980000000
-0.00428273970000000
-0.00397683000000000
-0.00316106980000000
-0.00265121980000000
-0.00112167000000000
0.00101970000000000
0.00316106980000000
0.00469061970000000
0.00489456000000000
0.00550637990000000
0.00560834980000000
0.00642411000000000
0.00856547930000000
0.0102989700000000
0.00856547930000000
0.00723986970000000
0.00540441000000000
0.00336500980000000
0.00285515990000000
0.00295713000000000
0.00285515990000000
0.00275319000000000
0.00122364000000000
-0.000101970000000000
-0.00101970000000000
-0.00112167000000000
-0.00163152000000000
-0.00152954990000000
-0.00316106980000000
-0.00693396000000000
-0.0100950290000000
-0.0104009390000000
-0.0107068500000000
-0.0108088200000000
-0.0100950290000000
-0.00907532930000000
-0.00805562980000000
-0.00754577980000000
-0.00734183960000000
-0.00693396000000000
-0.00683198960000000
-0.00642411000000000
-0.00407879990000000
-0.00132560990000000
0.00132560990000000
0.00438471000000000
0.00723986970000000
0.0100950290000000
0.00876942010000000
0.00642411000000000
0.00418076980000000
0.00132560990000000
-0.00142757990000000
-0.00356894990000000
-0.00377288990000000
-0.00448667990000000
-0.00469061970000000
-0.00499652990000000
-0.00520046970000000
-0.00550637990000000
-0.00571031970000000
-0.00591426000000000
-0.00469061970000000
-0.00295713000000000
-0.00132560990000000
0.000713789960000000
0.00173349000000000
0.00193742990000000
0.00254924990000000
0.00254924990000000
0.00356894990000000
0.00509849980000000
0.00652607990000000
0.00815759970000000
0.00958517930000000
0.00989108950000000
0.0104009390000000
0.0107068500000000
0.0110127600000000
0.0112167000000000
0.0106048790000000
0.0100950290000000
0.00948320990000000
0.00876942010000000
0.00805562980000000
0.00734183960000000
0.00642411000000000
0.00560834980000000
0.00469061970000000
0.00387485980000000
0.00316106980000000
0.00275319000000000
0.00214136980000000
0.00173349000000000
0.00122364000000000
0.000713789960000000
0.000305910000000000
0.000815759980000000
0.00132560990000000
0.00193742990000000
0.00224334000000000
0.000917729940000000
-0.000305910000000000
-0.00173349000000000
-0.00316106980000000
-0.00479258960000000
-0.00540441000000000
-0.00489456000000000
-0.00438471000000000
-0.00387485980000000
-0.00254924990000000
-0.000917729940000000
0.000713789960000000
0.00173349000000000
0.00224334000000000
0.00356894990000000
0.00622016970000000
0.00846350990000000
0.0114206390000000
0.0109107890000000
0.00887138950000000
0.00723986970000000
0.00479258960000000
0.00275319000000000
0.000407879990000000
-0.00163152000000000
-0.00244728000000000
-0.00336500980000000
-0.00469061970000000
-0.00703592990000000
-0.00856547930000000
-0.00897335990000000
-0.00948320990000000
-0.00968714970000000
-0.00989108950000000
-0.0100950290000000
-0.0102989700000000
-0.0104009390000000
-0.00999305980000000
-0.00968714970000000
-0.00917729970000000
-0.00887138950000000
-0.00907532930000000
-0.00927927010000000
-0.00948320990000000
-0.00978912000000000
-0.00989108950000000
-0.00897335990000000
-0.00825957010000000
-0.00723986970000000
-0.00693396000000000
-0.00693396000000000
-0.00683198960000000
-0.00683198960000000
-0.00673001970000000
-0.00673001970000000
-0.00652607990000000
-0.00571031970000000
-0.00509849980000000
-0.00438471000000000
-0.00346698000000000
-0.00234530990000000
-0.00132560990000000
-0.000203940000000000
0.00101970000000000
0.00173349000000000
0.000917729940000000
0.000305910000000000
-0.000509849980000000
-0.00142757990000000
-0.000713789960000000
0.000611820000000000
0.00163152000000000
0.00132560990000000
0.00122364000000000
0.000815759980000000
0.000509849980000000
0
0.000203940000000000
0.000917729940000000
0.00142757990000000
0.00214136980000000
0.00224334000000000
0.00101970000000000
0
-0.00122364000000000
-0.00244728000000000
-0.00244728000000000
-0.00193742990000000
-0.00163152000000000
-0.00183545990000000
-0.00224334000000000
-0.00275319000000000
-0.00305909990000000
-0.00265121980000000
-0.00224334000000000
-0.00224334000000000
-0.00326303990000000
-0.00418076980000000
-0.00520046970000000
-0.00469061970000000
-0.00438471000000000
-0.00387485980000000
-0.00326303990000000
-0.00265121980000000
-0.00203939990000000
-0.00193742990000000
-0.00183545990000000
-0.00152954990000000
0.00132560990000000
0.00418076980000000
0.00683198960000000
0.00713789980000000
0.00774971960000000
0.00795365990000000
0.00815759970000000
0.00825957010000000
0.00856547930000000
0.00795365990000000
0.00622016970000000
0.00489456000000000
0.00316106980000000
0.00295713000000000
0.00305909990000000
0.00326303990000000
0.00356894990000000
0.00377288990000000
0.00244728000000000
0.000713789960000000
-0.000815759980000000
-0.00285515990000000
-0.00356894990000000
-0.00224334000000000
-0.00132560990000000
0.000101970000000000
0.000305910000000000
0.000101970000000000
-0.000101970000000000
-0.000509849980000000
-0.000815759980000000
-0.00112167000000000
-0.00152954990000000
-0.00122364000000000
-0.000815759980000000
-0.000407879990000000
0.000101970000000000
0.000509849980000000
0.000815759980000000
0.000815759980000000
0.000917729940000000
0.00101970000000000
0.00224334000000000
0.00336500980000000
0.00469061970000000
0.00601622990000000
0.00734183960000000
0.00805562980000000
0.00632213960000000
0.00509849980000000
0.00326303990000000
0.00163152000000000
-0.000407879990000000
0
0.00305909990000000
0.00530243960000000
0.00887138950000000
0.00836153950000000
0.00316106980000000
-0.000203940000000000
-0.00632213960000000
-0.00285515990000000
0.00591426000000000
0.0132561000000000
0.0225353700000000
0.0188644490000000
0.00958517930000000
0.00927927010000000
0.00785168950000000
0.00917729970000000
0.00163152000000000
-0.00856547930000000
-0.0203939990000000
-0.0150915600000000
-0.000713789960000000
0.0109107890000000
0.0100950290000000
0.00489456000000000
0.000305910000000000
-0.00703592990000000
-0.0109107890000000
-0.00152954990000000
0.00703592990000000
0.0140718600000000
0.00683198960000000
0.00203939990000000
0.00356894990000000
0.00917729970000000
0.00876942010000000
0.00530243960000000
0.00244728000000000
0.00163152000000000
0.00132560990000000
-0.00112167000000000
-0.00346698000000000
-0.00683198960000000
-0.00550637990000000
-0.00203939990000000
0.00142757990000000
0.00489456000000000
0.00989108950000000
0.00591426000000000
-0.00489456000000000
-0.0121344290000000
-0.00968714970000000
-0.00611819980000000
-0.00244728000000000
0.00326303990000000
0.00387485980000000
0.00142757990000000
-0.000101970000000000
-0.000713789960000000
0.000611820000000000
0.00101970000000000
0.00244728000000000
0.00132560990000000
0.000407879990000000
-0.000815759980000000
-0.00275319000000000
-0.00560834980000000
-0.00856547930000000
-0.00948320990000000
-0.00622016970000000
-0.00367091980000000
-0.000203940000000000
0.00336500980000000
0.00377288990000000
-0.00142757990000000
-0.00458864980000000
-0.0105029100000000
-0.00785168950000000
-0.00234530990000000
0.00316106980000000
0.00418076980000000
0.00265121980000000
0.00132560990000000
0.00152954990000000
0.00622016970000000
0.00744380990000000
0.00754577980000000
0.00774971960000000
0.00744380990000000
0.00723986970000000
0.00581228960000000
0.00387485980000000
0.00214136980000000
-0.000203940000000000
-0.00336500980000000
-0.00652607990000000
-0.00693396000000000
-0.00520046970000000
-0.00550637990000000
-0.00550637990000000
-0.00581228960000000
-0.00336500980000000
0
0.00336500980000000
0.00713789980000000
0.00978912000000000
0.00866744970000000
0.00815759970000000
0.00693396000000000
0.00764774970000000
0.00785168950000000
0.00866744970000000
0.00622016970000000
0.00377288990000000
0.000713789960000000
-0.000101970000000000
0.000407879990000000
0.000509849980000000
-0.00101970000000000
-0.00295713000000000
-0.00469061970000000
-0.00703592990000000
-0.00662804980000000
-0.00448667990000000
-0.00285515990000000
-0.000713789960000000
-0.00234530990000000
-0.00336500980000000
-0.00520046970000000
-0.00611819980000000
-0.00571031970000000
-0.00550637990000000
-0.00509849980000000
-0.00673001970000000
-0.00927927010000000
-0.0116245790000000
-0.0142758000000000
-0.0140718600000000
-0.0142758000000000
-0.0123383700000000
-0.00978912000000000
-0.00754577980000000
-0.00469061970000000
-0.00346698000000000
-0.00428273970000000
-0.00458864980000000
-0.00560834980000000
-0.00642411000000000
-0.00734183960000000
-0.00815759970000000
-0.00744380990000000
-0.00530243960000000
-0.00377288990000000
-0.00265121980000000
-0.00142757990000000