* 0
982905.09961725 480769.23076923 -405982.02269418 96153.846153846 -491453.87474172 -480769.23076923 -85469.202181357 -96153.846153846 33139.426756773 44480.395098347 -15732.733598622 -10790.000262689 -16616.718796941 -38631.267916226 268.29969199001 7615.204588165 0 0
480769.23076923 1517092.6537571 -96153.846153846 502138.1154737 -480769.23076923 -758548.37188396 96153.846153846 -1260682.3973468 44480.609273528 78828.76679399 -10789.901097456 14487.691581281 -38632.917614884 -100854.6669624 7614.5129634229 -4528.3277713388 0 0
-405982.02269418 -96153.846153846 982905.09961725 -480769.23076923 -85469.202181357 96153.846153846 -491453.87474172 480769.23076923 11108.076908965 -34614.311141402 28623.377952126 -8299.6871269503 -46439.616643783 50692.191036217 -2528.3161747294 -5604.5780033519 0 0
96153.846153846 502138.1154737 -480769.23076923 1517092.6537571 -96153.846153846 -1260682.3973468 480769.23076923 -758548.37188396 -29681.483338111 76037.496036094 -17844.629987003 30629.563655986 56724.30229487 -119842.50708013 -4598.5730862032 -3381.729918249 0 0
-491453.87474172 -480769.23076923 -85469.202181357 -96153.846153846 982905.09961725 480769.23076923 -405982.02269418 96153.846153846 -34128.93947517 -9633.1925243366 15919.225957031 -4590.9572265545 18297.462697138 12364.144404507 -2163.1458565012 7864.5944860912 0 0
-480769.23076923 -758548.37188396 96153.846153846 -1260682.3973468 480769.23076923 1517092.6537571 -96153.846153846 502138.1154737 183.14756095181 -82614.885340724 9250.8670846663 -17903.105396227 -14686.745334388 111801.8916668 6105.2507413628 2041.3121950403 0 0
-85469.202181357 96153.846153846 -491453.87474172 480769.23076923 -405982.02269418 -96153.846153846 982905.09961725 -480769.23076923 -10118.564190568 -232.89143260824 -28809.870310536 23680.644616194 44758.872743586 -24425.067524498 4423.1623392406 -9875.2210709043 0 0
-96153.846153846 -1260682.3973468 480769.23076923 -758548.37188396 96153.846153846 502138.1154737 -480769.23076923 1517092.6537571 -14982.273496369 -72251.37748936 19383.663999792 -27214.14984104 -3404.6393455983 108895.28237573 -9121.1906185825 5868.7454945476 0 0
33139.426756773 44480.609273528 11108.076908965 -29681.483338111 -34128.93947517 183.14756095181 -10118.564190568 -14982.273496369 11451.921087894 1719.1574473789 2273.0839822772 -1601.1039547052 -15908.983782537 44.919957679716 1142.9622133343 346.04053993366 0 0
44480.395098347 78828.76679399 -34614.311141402 76037.496036094 -9633.1925243366 -82614.885340724 -232.89143260824 -72251.37748936 1719.1574473789 11064.395440296 -1517.3717679055 -495.88184258886 -117.21796375604 -11826.7795452 376.29405473117 939.51446399765 0 0
-15732.733598622 -10789.901097456 28623.377952126 -17844.629987003 15919.225957031 9250.8670846663 -28809.870310536 19383.663999792 2273.0839822772 -1517.3717679055 5333.1381889151 -1169.0837236717 -8896.5669733123 3129.5593275475 -595.47799192479 124.74484798351 0 0
-10790.000262689 14487.691581281 -8299.6871269503 30629.563655986 -4590.9572265545 -17903.105396227 23680.644616194 -27214.14984104 -1601.1039547052 -495.88184258886 -1169.0837236717 10044.645917662 3199.8633593774 -10533.199692067 181.69622503179 -3270.3580884829 0 0
-16616.718796941 -38632.917614884 -46439.616643783 56724.30229487 18297.462697138 -14686.745334388 44758.872743586 -3404.6393455983 -15908.983782537 -117.21796375604 -8896.5669733123 3199.8633593774 29012.554215416 -3841.8031374492 -932.21431846568 -456.18822718303 0 0
-38631.267916226 -100854.6669624 50692.191036217 -119842.50708013 12364.144404507 111801.8916668 -24425.067524498 108895.28237573 44.919957679716 -11826.7795452 3129.5593275475 -10533.199692067 -3841.8031374492 25073.942927533 -560.75758123426 2197.2809947801 0 0
268.29969199001 7614.5129634229 -2528.3161747294 -4598.5730862032 -2163.1458565012 6105.2507413628 4423.1623392406 -9121.1906185825 1142.9622133343 376.29405473117 -595.47799192479 181.69622503179 -932.21431846568 -560.75758123426 926.08315081152 -176.44747183358 0 0
7615.204588165 -4528.3277713388 -5604.5780033519 -3381.729918249 7864.5944860912 2041.3121950403 -9875.2210709043 5868.7454945476 346.04053993366 939.51446399765 124.74484798351 -3270.3580884829 -456.18822718303 2197.2809947801 -176.44747183358 1796.4716680237 0 0
0 0 0 0 0 0 0 0 0 0 0 0 0 0 0 0 0 0
0 0 0 0 0 0 0 0 0 0 0 0 0 0 0 0 0 0
* 1
982905.09961726 480769.23076923 -405982.02269418 96153.846153846 -491453.87474172 -480769.23076923 -85469.202181357 -96153.846153846 30620.245979037 38426.42032831 16822.216155144 25850.758474234 949.39635273229 -3903.2649828249 52295.185561515 73486.094634908 -35481.560295104 -28387.090213762 4689.0766770452 -31167.197571253 31852.277256599 62785.606840242 -24744.989181239 -43609.172792563
480769.23076923 1517092.6537571 -96153.846153846 502138.1154737 -480769.23076923 -758548.37188396 96153.846153846 -1260682.3973468 38417.27151964 43701.716265012 25855.899489238 80470.041014676 -3803.6115678436 -26305.069673407 73521.086820136 139999.00264619 -33325.569491483 -87000.666470765 -21636.479343812 -53127.189044132 56810.421627801 153884.53029206 -44760.780863331 -80959.420312257
-405982.02269418 -96153.846153846 982905.09961725 -480769.23076923 -85469.202181357 96153.846153846 -491453.87474172 480769.23076923 -11420.499312299 -21222.341888723 29820.413590569 -31411.99198698 -11438.943918211 12704.835135901 22063.67551152 -61796.680073717 -10028.457529251 18491.730604717 -41106.955114951 50239.141109885 51544.520986553 -74536.315398651 -29148.742389229 41376.358592721
96153.846153846 502138.1154737 -480769.23076923 1517092.6537571 -96153.846153846 -1260682.3973468 480769.23076923 -758548.37188396 -12611.15386026 23497.397068569 -34197.749758358 82779.163095318 17005.966797457 -10408.346805769 -55986.96497835 120257.01110943 18482.530077916 -72284.395914477 50244.39465176 -74335.385488537 -74436.484465413 138004.26355898 41411.559563568 -107668.64018438
-491453.87474172 -480769.23076923 -85469.202181357 -96153.846153846 982905.09961726 480769.23076923 -405982.02269418 96153.846153846 -28722.35038007 2022.595221986 -16844.202060827 -15230.637758732 -9098.0531056323 -2215.2875704218 -49338.976154299 -12562.180999318 33117.629950355 27018.287219638 -3394.2464751905 -13821.262671979 -24126.201016934 -8860.482844502 34358.642188861 12517.372977748
-480769.23076923 -758548.37188396 96153.846153846 -1260682.3973468 480769.23076923 1517092.6537571 -96153.846153846 502138.1154737 -188.67725089866 -34966.78269496 3102.6632612166 -79071.67408682 -10012.935087138 4540.6333703848 6414.3909296596 -128049.95415022 11857.481804987 78881.302320507 -25965.809026489 61620.756462783 18838.618969978 -130170.45785337 -5482.4051832556 109157.18298428
-85469.202181357 96153.846153846 -491453.87474172 480769.23076923 -405982.02269418 -96153.846153846 982905.09961726 -480769.23076923 9522.6037133325 -19226.673661573 -29798.427684886 20791.871271479 19587.600671111 -6586.282582654 -25019.884918736 872.76643812731 12392.387873999 -17122.927610593 39812.124913096 -5250.6808666525 -59270.597226219 20611.19140291 19535.089381608 -10284.558777906
-96153.846153846 -1260682.3973468 480769.23076923 -758548.37188396 96153.846153846 502138.1154737 -480769.23076923 1517092.6537571 -25617.440408481 -32232.330638621 5239.1870079033 -84177.530023173 -3189.4201424757 32172.783108791 -23948.512771446 -132206.0596054 2985.5576085801 80403.760064735 -2642.1062814586 65841.818069887 -1212.5561323659 -161718.33599766 8831.6264830185 79470.877512363
30620.245979037 38417.27151964 -11420.499312299 -12611.15386026 -28722.35038007 -188.67725089866 9522.6037133325 -25617.440408481 6594.2719106183 1651.581548179 3749.3472685419 1507.4982020112 -1685.8391561628 -345.81240356229 11847.836277515 3612.7357320012 -4758.1198010895 -2185.6537364356 -3660.4977212275 -422.75190399759 9868.1287160742 2900.1111682695 -5529.339184687 -1745.5491862293
38426.42032831 43701.716265012 -21222.341888723 23497.397068569 2022.595221986 -34966.78269496 -19226.673661573 -32232.330638621 1651.581548179 11566.813678259 1691.2820713288 -7.1859552445941 -209.5408149362 809.51322798984 3871.0773624255 13321.849371807 -2325.0803918324 -419.08259625786 -673.17824771025 -6165.2316796261 3099.1384097767 8933.0347329073 -2284.3947555797 -3374.7112334699
16822.216155144 25855.899489238 29820.413590569 -34197.749758358 -16844.202060827 3102.6632612166 -29798.427684886 5239.1870079033 3749.3472685419 1691.2820713288 12274.607053273 -892.6673216032 -4206.0360911167 789.58903594521 18816.10834957 880.76825963325 -11587.817352617 -759.43142166553 -8725.5028285891 2576.9067747263 20886.107310751 -1555.8024248066 -14956.473856175 907.51979974878
25850.758474234 80470.041014676 -31411.99198698 82779.163095318 -15230.637758732 -79071.67408682 20791.871271479 -84177.530023173 1507.4982020112 -7.1859552445941 -892.6673216032 13194.962232013 1330.9392162715 -3502.4297556286 677.25457463647 15093.34428922 -600.37116943345 -13388.296683494 2332.8537572724 -5792.219940769 -2025.0297266608 18997.4638818 173.59695004265 -13600.930635923
949.39635273229 -3803.6115678436 -11438.943918211 17005.966797457 -9098.0531056323 -10012.935087138 19587.600671111 -3189.4201424757 -1685.8391561628 -209.5408149362 -4206.0360911167 1330.9392162715 5046.9385491642 191.87056846155 -6485.7986508008 1255.7757310357 4159.8743049265 -947.83407901967 2645.4902895782 -1328.1046478823 -9173.33015669 2133.5394044235 1679.6680157873 -1481.3524768324
-3903.2649828249 -26305.069673407 12704.835135901 -10408.346805769 -2215.2875704218 4540.6333703848 -6586.282582654 32172.783108791 -345.81240356229 809.51322798984 789.58903594521 -3502.4297556286 191.87056846155 3143.4366475349 431.18582978928 -3145.1116335212 -444.19851977628 3315.8850294965 -917.72227493231 1386.9314681973 1173.8051601613 -5686.7666658165 -770.21039251193 1844.7958501533
52295.185561515 73521.086820136 22063.67551152 -55986.96497835 -49338.976154299 6414.3909296596 -25019.884918736 -23948.512771446 11847.836277515 3871.0773624255 18816.10834957 677.25457463647 -6485.7986508008 431.18582978928 35998.884406051 5257.8895564925 -18944.95952691 -3372.3388354072 -14864.096468195 2497.6165736938 36136.611000007 1743.9337418403 -24717.258297468 -770.72936599674
73486.094634908 139999.00264619 -61796.680073717 120257.01110943 -12562.180999318 -128049.95415022 872.76643812731 -132206.0596054 3612.7357320012 13321.849371807 880.76825963325 15093.34428922 1255.7757310357 -3145.1116335212 5257.8895564925 32822.183648456 -3315.2923432873 -15634.945168398 1913.5324196742 -14077.591010175 1355.1239620018 32359.371349699 -2304.6222467833 -19617.64072958
-35481.560295104 -33325.569491483 -10028.457529251 18482.530077916 33117.629950355 11857.481804987 12392.387873999 2985.5576085801 -4758.1198010895 -2325.0803918324 -11587.817352617 -600.37116943345 4159.8743049265 -444.19851977628 -18944.95952691 -3315.2923432873 12699.152540895 2059.9229899483 5823.5567042577 -1246.5687651916 -19502.036938884 -1118.9024911225 13498.809540039 983.67925848925
-28387.090213762 -87000.666470765 18491.730604717 -72284.395914477 27018.287219638 78881.302320507 -17122.927610593 80403.760064735 -2185.6537364356 -419.08259625786 -759.43142166553 -13388.296683494 -947.83407901967 3315.8850294965 -3372.3388354072 -15634.945168398 2059.9229899483 16333.577976546 -904.19153593598 1074.3413961155 -936.75379014787 -17280.586349088 1945.2478097236 12721.652607299
4689.0766770452 -21636.479343812 -41106.955114951 50244.39465176 -3394.2464751905 -25965.809026489 39812.124913096 -2642.1062814586 -3660.4977212275 -673.17824771025 -8725.5028285891 2332.8537572724 2645.4902895782 -917.72227493231 -14864.096468195 1913.5324196742 5823.5567042577 -904.19153593598 11280.248700035 -3228.7752770346 -17410.589501649 3993.9792333609 12560.366468384 -2788.1707195667
-31167.197571253 -53127.189044132 50239.141109885 -74335.385488537 -13821.262671979 61620.756462783 -5250.6808666525 65841.818069887 -422.75190399759 -6165.2316796261 2576.9067747263 -5792.219940769 -1328.1046478823 1386.9314681973 2497.6165736938 -14077.591010175 -1246.5687651916 1074.3413961155 -3228.7752770346 15558.443479449 4820.0576302624 -17669.069544353 -2588.4802815617 10300.925308972
31852.277256599 56810.421627801 51544.520986553 -74436.484465413 -24126.201016934 18838.618969978 -59270.597226219 -1212.5561323659 9868.1287160742 3099.1384097767 20886.107310751 -2025.0297266608 -9173.33015669 1173.8051601613 36136.611000007 1355.1239620018 -19502.036938884 -936.75379014787 -17410.589501649 4820.0576302624 40711.148375269 -3312.4479799508 -24506.062908058 1960.1217621451
62785.606840242 153884.53029206 -74536.315398651 138004.26355898 -8860.482844502 -130170.45785337 20611.19140291 -161718.33599766 2900.1111682695 8933.0347329073 -1555.8024248066 18997.4638818 2133.5394044235 -5686.7666658165 1743.9337418403 32359.371349699 -1118.9024911225 -17280.586349088 3993.9792333609 -17669.069544353 -3312.4479799508 37898.935348678 -67.218439765 -21754.102580355
-24744.989181239 -44760.780863331 -29148.742389229 41411.559563568 34358.642188861 -5482.4051832556 19535.089381608 8831.6264830185 -5529.339184687 -2284.3947555797 -14956.473856175 173.59695004265 1679.6680157873 -770.21039251193 -24717.258297468 -2304.6222467833 13498.809540039 1945.2478097236 12560.366468384 -2588.4802815617 -24506.062908058 -67.218439765 23254.578920489 -907.9359498986
-43609.172792563 -80959.420312257 41376.358592721 -107668.64018438 12517.372977748 109157.18298428 -10284.558777906 79470.877512363 -1745.5491862293 -3374.7112334699 907.51979974878 -13600.930635923 -1481.3524768324 1844.7958501533 -770.72936599674 -19617.64072958 983.67925848925 12721.652607299 -2788.1707195667 10300.925308972 1960.1217621451 -21754.102580355 -907.9359498986 18194.645701074
* 2
982905.09961725 480769.23076923 -405982.02269418 96153.846153846 -491453.87474172 -480769.23076923 -85469.202181358 -96153.846153846 -23434.013616035 -3847.9686261119 -12401.080592353 -30322.522957747 -11517.213603422 569.87846267264 -36417.964517612 -37719.249617732
480769.23076923 1517092.6537571 -96153.846153846 502138.1154737 -480769.23076923 -758548.37188396 96153.846153846 -1260682.3973468 -12454.636716319 -18545.712917342 -27531.314523214 -65015.800917713 -3755.08948123 -10776.599617502 -43463.934583891 -84640.656797862
-405982.02269418 -96153.846153846 982905.09961725 -480769.23076923 -85469.202181358 96153.846153846 -491453.87474172 480769.23076923 16501.261414355 -13365.461001601 -25068.018407627 35904.986095168 6992.2539281696 -9219.3516927582 -8302.69450633 26229.816625972
96153.846153846 502138.1154737 -480769.23076923 1517092.6537571 -96153.846153846 -1260682.3973468 480769.23076923 -758548.37188396 -13365.50772525 -5718.9197885369 35905.009229346 -66126.045582217 -9219.1203638983 -5060.7592458834 26229.78509625 -71881.649785933
-491453.87474172 -480769.23076923 -85469.202181358 -96153.846153846 982905.09961726 480769.23076923 -405982.02269418 96153.846153846 23663.407716975 20298.213203281 12042.271086977 1564.1129048116 13189.850275363 13744.311368011 35111.371487105 18490.84239797
-480769.23076923 -758548.37188396 96153.846153846 -1260682.3973468 480769.23076923 1517092.6537571 -96153.846153846 502138.1154737 17987.34252637 17194.539540345 -10925.609896026 62404.403490603 12235.7601474 10827.074732607 3583.9875863777 79541.271780441
-85469.202181358 96153.846153846 -491453.87474172 480769.23076923 -405982.02269418 -96153.846153846 982905.09961725 -480769.23076923 -16730.655515295 -3084.7835755679 25426.827913003 -7146.5760422329 -8664.8906001104 -5094.8381379255 9609.2875368363 -7001.4094062091
-96153.846153846 -1260682.3973468 480769.23076923 -758548.37188396 96153.846153846 502138.1154737 -480769.23076923 1517092.6537571 7832.8019151994 7070.0931655339 2551.9151898944 68737.443009327 738.44969772804 5010.2841307779 13650.161901264 76981.034803355
-23434.013616035 -12454.636716319 16501.261414355 -13365.50772525 23663.407716975 17987.34252637 -16730.655515295 7832.8019151994 3567.47865205 553.34298606929 1184.1185905771 1289.5047666659 1947.5721805508 321.86935274556 4679.81666297 1884.9981423155
-3847.9686261119 -18545.712917342 -13365.461001601 -5718.9197885369 20298.213203281 17194.539540345 -3084.7835755679 7070.0931655339 553.34298606929 7436.6966329723 1327.3875359817 -421.79149564734 366.36514230447 4704.7424145752 1893.0563909875 6126.0484652721
-12401.080592353 -27531.314523214 -25068.018407627 35905.009229346 12042.271086977 -10925.609896026 25426.827913003 2551.9151898944 1184.1185905771 1327.3875359817 8527.0401006176 -845.91925838082 243.26396631924 733.46405211497 10414.069787463 418.98187052342
-30322.522957747 -65015.800917713 35904.986095168 -66126.045582217 1564.1129048116 62404.403490603 -7146.5760422329 68737.443009327 1289.5047666659 -421.79149564734 -845.91925838082 7578.5019480581 707.85667564068 -348.63130401719 373.76769176485 7559.8149778527
-11517.213603422 -3755.08948123 6992.2539281696 -9219.1203638983 13189.850275363 12235.7601474 -8664.8906001104 738.44969772804 1947.5721805508 366.36514230447 243.26396631924 707.85667564068 1228.8496045976 252.32825050027 1984.6286053968 1058.3183629135
569.87846267264 -10776.599617502 -9219.3516927582 -5060.7592458834 13744.311368011 10827.074732607 -5094.8381379255 5010.2841307779 321.86935274556 4704.7424145752 733.46405211497 -348.63130401719 252.32825050027 3175.9694981449 1023.7464069881 3599.1682980613
-36417.964517612 -43463.934583891 -8302.69450633 26229.78509625 35111.371487105 3583.9875863777 9609.2875368363 13650.161901264 4679.81666297 1893.0563909875 10414.069787463 373.76769176485 1984.6286053968 1023.7464069881 15915.773274312 2279.6536484385
-37719.249617732 -84640.656797862 26229.816625972 -71881.649785933 18490.84239797 79541.271780441 -7001.4094062091 76981.034803355 1884.9981423155 6126.0484652721 418.98187052342 7559.8149778527 1058.3183629135 3599.1682980613 2279.6536484385 13516.214215363
* 3
982905.98290598 480769.23076923 -405982.90598291 96153.846153846 -491452.99145299 -480769.23076923 -85470.085470085 -96153.846153846
480769.23076923 1517094.017094 -96153.846153846 502136.75213675 -480769.23076923 -758547.00854701 96153.846153846 -1260683.7606838
-405982.90598291 -96153.846153846 982905.98290598 -480769.23076923 -85470.085470085 96153.846153846 -491452.99145299 480769.23076923
96153.846153846 502136.75213675 -480769.23076923 1517094.017094 -96153.846153846 -1260683.7606838 480769.23076923 -758547.00854701
-491452.99145299 -480769.23076923 -85470.085470085 -96153.846153846 982905.98290598 480769.23076923 -405982.90598291 96153.846153846
-480769.23076923 -758547.00854701 96153.846153846 -1260683.7606838 480769.23076923 1517094.017094 -96153.846153846 502136.75213675
-85470.085470085 96153.846153846 -491452.99145299 480769.23076923 -405982.90598291 -96153.846153846 982905.98290598 -480769.23076923
-96153.846153846 -1260683.7606838 480769.23076923 -758547.00854701 96153.846153846 502136.75213675 -480769.23076923 1517094.017094
* 4
982905.98345264 480769.23105774 -405982.90618335 96153.846211548 -491452.9917911 -480769.23105774 -85470.085478192 -96153.846211548 534188.03446543 240384.61554183 4429.9775763264 3689.1727490023 19400.190285652 16559.9635114 -20793.814120183 -14403.201658218 -12630.498699436 -14391.435048627 119259.60262861 131711.9734283 24241.476537978 29449.629436559 -89410.764376898 -102192.89123656 -12331.874050572 -16653.991837725 85470.085478192 336538.46172745
480769.23105774 1517094.0178922 -96153.846211548 502136.75255034 -480769.23105774 -758547.00911447 96153.846211548 -1260683.761328 240384.61554183 1388888.8896101 -11502.89232062 148375.87902575 20856.611091159 -13441.922152682 -5479.9681105063 -126297.05210853 -15146.450565269 992.11676607817 101770.32310549 181184.3433264 29449.721707931 25910.969816576 -72250.760486015 -145901.89503902 -16654.821758001 -8124.2232660805 144230.76930436 1260683.761328
-405982.90618335 -96153.846211548 982905.98345264 -480769.23105774 -85470.085478192 96153.846211548 -491452.9917911 480769.23105774 42735.042803856 -48076.923118731 130971.16860098 -52901.86919998 -32289.856210811 2143.6079844413 -95802.278774598 43810.466053954 14893.055488534 3693.2752986233 16141.543548696 -82499.276977324 -11351.810612819 -10746.057940718 -27185.328517883 72785.626840828 10069.317261474 5955.8320877215 491452.9917911 -528846.15415056
96153.846211548 502136.75255034 -480769.23105774 1517094.0178922 -96153.846211548 -1260683.761328 480769.23105774 -758547.00911447 48076.923092821 630341.8808324 -62316.152355846 325528.13259482 7198.7461526036 -31671.908585375 49590.864704109 -281789.27302321 -900.78905973611 6926.8319957653 -27951.278429023 292719.66829416 -1394.3644641692 19202.86092148 28139.863892412 -262184.43009272 607.582132996 205.27450423675 -432692.30793901 758547.00911447
-491452.9917911 -480769.23105774 -85470.085478192 -96153.846211548 982905.98345264 480769.23105774 -405982.90618335 96153.846211548 -491452.9917911 -528846.15415056 -16141.543548696 -82499.276977324 -11351.810612819 10746.057940718 27185.328517883 72785.626840828 10069.317261474 -5955.8320877214 -130971.16860098 -52901.86919998 -32289.856210811 -2143.6079844414 95802.278774599 43810.466053954 14893.055488534 -3693.2752986233 -42735.042803855 -48076.923118731
-480769.23105774 -758547.00911447 96153.846211548 -1260683.761328 480769.23105774 1517094.0178922 -96153.846211548 502136.75255034 -432692.30793901 -758547.00911447 -27951.278429023 -292719.66829416 1394.3644641691 19202.86092148 28139.863892412 262184.43009272 -607.58213299598 205.27450423695 -62316.152355846 -325528.13259482 -7198.7461526036 -31671.908585375 49590.864704109 281789.27302321 900.78905973614 6926.8319957655 48076.923092821 -630341.8808324
-85470.085478192 96153.846211548 -491452.9917911 480769.23105774 -405982.90618335 -96153.846211548 982905.98345264 -480769.23105774 -85470.085478192 336538.46172745 -119259.60262861 131711.9734283 24241.476537978 -29449.629436559 89410.764376898 -102192.89123656 -12331.874050572 16653.991837725 -4429.9775763263 3689.1727490023 19400.190285652 -16559.9635114 20793.814120183 -14403.201658218 -12630.498699436 14391.435048627 -534188.03446543 240384.61554183
-96153.846211548 -1260683.761328 480769.23105774 -758547.00911447 96153.846211548 502136.75255034 -480769.23105774 1517094.0178922 144230.76930436 -1260683.761328 101770.32310549 -181184.3433264 -29449.721707931 25910.969816576 -72250.760486015 145901.89503902 16654.821758001 -8124.2232660804 -11502.892320621 -148375.87902575 -20856.611091159 -13441.922152682 -5479.9681105063 126297.05210853 15146.450565269 992.11676607824 240384.61554183 -1388888.8896101
534188.03446543 240384.61554183 42735.042803856 48076.923092821 -491452.9917911 -432692.30793901 -85470.085478192 144230.76930436 1068376.0689309 480769.23108367 44010.186685182 26310.450070713 -8440.3659189207 -11436.985783283 -42374.992566386 -24651.493205895 6843.3321666006 9676.2984604582 -17951.262040187 -31649.27428871 10577.720441744 11629.453027484 36871.65739399 50838.508709722 75.356051043349 -1472.1181501546 0 0
240384.61554183 1388888.8896101 -48076.923118731 630341.8808324 -528846.15415056 -758547.00911447 336538.46172745 -1260683.761328 480769.23108367 2777777.7792202 -27253.125349271 380902.23788605 -1652.4855444036 -65315.582806169 21994.203283934 -335951.83954274 2757.3547197389 46436.450911567 -37968.259948976 -79236.488551026 21414.067874322 -21912.176520243 64076.538571067 93667.533345106 -8392.2222452389 35301.082089574 0 0
4429.9775763264 -11502.89232062 130971.16860098 -62316.152355846 -16141.543548696 -27951.278429023 -119259.60262861 101770.32310549 44010.186685182 -27253.125349271 86648.050022245 -25809.238136719 -12454.989842641 2691.4084052783 -78257.204551728 23066.111096749 9336.1342500538 -1742.1548164133 -11298.100120732 -2434.6878873329 -12333.514410592 1025.5043158884 3911.9760365339 1903.2187004694 10441.301561527 -1212.5170723631 -17951.262040187 37968.259948976
3689.1727490023 148375.87902575 -52901.86919998 325528.13259482 -82499.276977324 -292719.66829416 131711.9734283 -181184.3433264 26310.450070713 380902.23788605 -25809.238136719 209110.85758145 2712.9891845955 -40097.229780509 22251.871288068 -182005.78446405 -1729.0037446932 29445.837482981 2434.6878873329 -53120.776237103 2587.5635600695 -28688.745266343 -1288.8778257997 42555.747945027 -1876.889405513 27936.81975898 31649.27428871 -79236.488551026
19400.190285652 20856.611091159 -32289.856210811 7198.7461526036 -11351.810612819 1394.3644641691 24241.476537978 -29449.721707931 -8440.3659189207 -1652.4855444036 -12454.989842641 2712.9891845955 5828.9681708189 -1107.7682356068 8327.6303740258 -1298.11844406 -4042.2499521669 485.72100489957 12333.514410592 2587.5635600695 3177.4509146958 311.13889454134 -10206.105336035 -2383.4844984505 -2550.383046576 -244.16540482207 -10577.720441744 21414.067874322
16559.9635114 -13441.922152682 2143.6079844413 -31671.908585375 10746.057940718 19202.86092148 -29449.629436559 25910.969816576 -11436.985783283 -65315.582806169 2691.4084052783 -40097.229780509 -1107.7682356068 13744.421939079 -1212.9935919976 32227.556472163 532.15752443416 -10503.152244468 1025.5043158885 28688.745266343 -311.13889454134 6446.9312468641 -1185.1696521073 -25483.484133116 135.37909710924 -6055.7798623865 11629.453027484 21912.176520242
-20793.814120183 -5479.9681105063 -95802.278774598 49590.864704109 27185.328517883 28139.863892412 89410.764376898 -72250.760486015 -42374.992566386 21994.203283934 -78257.204551728 22251.871288068 8327.6303740258 -1212.9935919976 74108.082568019 -21271.142113851 -6995.20557603 1089.0490493295 3911.9760365339 1288.8778257997 10206.105336035 -1185.1696521073 1452.2244383721 -847.63279762829 -8976.2051386621 1240.200165472 36871.65739399 -64076.538571067
-14403.201658218 -126297.05210853 43810.466053954 -281789.27302321 72785.626840828 262184.43009272 -102192.89123656 145901.89503902 -24651.493205895 -335951.83954274 23066.111096749 -182005.78446405 -1298.11844406 32227.556472163 -21271.142113851 162409.6671068 1079.0818835716 -24556.763525747 -1903.2187004694 42555.747945027 -2383.4844984504 25483.484133116 847.63279762828 -35284.110890385 1696.8076082292 -25330.129696685 -50838.508709722 93667.533345106
-12630.498699436 -15146.450565269 14893.055488534 -900.78905973611 10069.317261474 -607.58213299598 -12331.874050572 16654.821758001 6843.3321666006 2757.3547197389 9336.1342500538 -1729.0037446932 -4042.2499521669 532.15752443416 -6995.20557603 1079.0818835716 3114.5034790215 -295.37455023195 -10441.301561527 -1876.889405513 -2550.383046576 -135.37909710925 8976.2051386621 1696.8076082292 2089.2968912408 117.74260470561 -75.356051043305 -8392.2222452389
-14391.435048627 992.11676607817 3693.2752986233 6926.8319957653 -5955.8320877214 205.27450423695 16653.991837725 -8124.2232660804 9676.2984604582 46436.450911567 -1742.1548164133 29445.837482981 485.72100489957 -10503.152244468 1089.0490493295 -24556.763525747 -295.37455023195 8677.7428437484 -1212.5170723632 -27936.81975898 244.16540482206 -6055.7798623865 1240.200165472 25330.129696685 -117.74260470561 5494.2515091666 -1472.1181501546 -35301.082089574
119259.60262861 101770.32310549 16141.543548696 -27951.278429023 -130971.16860098 -62316.152355846 -4429.9775763263 -11502.892320621 -17951.262040187 -37968.259948976 -11298.100120732 2434.6878873329 12333.514410592 1025.5043158885 3911.9760365339 -1903.2187004694 -10441.301561527 -1212.5170723632 86648.050022245 25809.238136719 12454.989842641 2691.4084052784 -78257.204551728 -23066.111096749 -9336.1342500539 -1742.1548164134 44010.186685182 27253.125349271
131711.9734283 181184.3433264 -82499.276977324 292719.66829416 -52901.86919998 -325528.13259482 3689.1727490023 -148375.87902575 -31649.27428871 -79236.488551026 -2434.6878873329 -53120.776237103 2587.5635600695 28688.745266343 1288.8778257997 42555.747945027 -1876.889405513 -27936.81975898 25809.238136719 209110.85758145 2712.9891845955 40097.229780509 -22251.871288068 -182005.78446405 -1729.0037446933 -29445.837482981 -26310.450070713 380902.23788605
24241.476537978 29449.721707931 -11351.810612819 -1394.3644641692 -32289.856210811 -7198.7461526036 19400.190285652 -20856.611091159 10577.720441744 21414.067874322 -12333.514410592 2587.5635600695 3177.4509146958 -311.13889454134 10206.105336035 -2383.4844984504 -2550.383046576 244.16540482206 12454.989842641 2712.9891845955 5828.9681708189 1107.7682356068 -8327.6303740258 -1298.11844406 -4042.2499521669 -485.72100489958 8440.3659189207 -1652.4855444036
29449.629436559 25910.969816576 -10746.057940718 19202.86092148 -2143.6079844414 -31671.908585375 -16559.9635114 -13441.922152682 11629.453027484 -21912.176520243 1025.5043158884 -28688.745266343 311.13889454134 6446.9312468641 -1185.1696521073 25483.484133116 -135.37909710925 -6055.7798623865 2691.4084052784 40097.229780509 1107.7682356068 13744.421939079 -1212.9935919976 -32227.556472164 -532.15752443416 -10503.152244468 -11436.985783283 65315.582806169
-89410.764376898 -72250.760486015 -27185.328517883 28139.863892412 95802.278774599 49590.864704109 20793.814120183 -5479.9681105063 36871.65739399 64076.538571067 3911.9760365339 -1288.8778257997 -10206.105336035 -1185.1696521073 1452.2244383721 847.63279762828 8976.2051386621 1240.200165472 -78257.204551728 -22251.871288068 -8327.6303740258 -1212.9935919976 74108.082568019 21271.142113851 6995.20557603 1089.0490493295 -42374.992566386 -21994.203283934
-102192.89123656 -145901.89503902 72785.626840828 -262184.43009272 43810.466053954 281789.27302321 -14403.201658218 126297.05210853 50838.508709722 93667.533345106 1903.2187004694 42555.747945027 -2383.4844984505 -25483.484133116 -847.63279762829 -35284.110890385 1696.8076082292 25330.129696685 -23066.111096749 -182005.78446405 -1298.11844406 -32227.556472164 21271.142113851 162409.6671068 1079.0818835716 24556.763525747 24651.493205895 -335951.83954274
-12331.874050572 -16654.821758001 10069.317261474 607.582132996 14893.055488534 900.78905973614 -12630.498699436 15146.450565269 75.356051043349 -8392.2222452389 10441.301561527 -1876.889405513 -2550.383046576 135.37909710924 -8976.2051386621 1696.8076082292 2089.2968912408 -117.74260470561 -9336.1342500539 -1729.0037446933 -4042.2499521669 -532.15752443416 6995.20557603 1079.0818835716 3114.5034790215 295.37455023196 -6843.3321666006 2757.354719739
-16653.991837725 -8124.2232660805 5955.8320877215 205.27450423675 -3693.2752986233 6926.8319957655 14391.435048627 992.11676607824 -1472.1181501546 35301.082089574 -1212.5170723631 27936.81975898 -244.16540482207 -6055.7798623865 1240.200165472 -25330.129696685 117.74260470561 5494.2515091666 -1742.1548164134 -29445.837482981 -485.72100489958 -10503.152244468 1089.0490493295 24556.763525747 295.37455023196 8677.7428437484 9676.2984604582 -46436.450911567
85470.085478192 144230.76930436 491452.9917911 -432692.30793901 -42735.042803855 48076.923092821 -534188.03446543 240384.61554183 0 0 -17951.262040187 31649.27428871 -10577.720441744 11629.453027484 36871.65739399 -50838.508709722 -75.356051043305 -1472.1181501546 44010.186685182 -26310.450070713 8440.3659189207 -11436.985783283 -42374.992566386 24651.493205895 -6843.3321666006 9676.2984604582 1068376.0689309 -480769.23108367
336538.46172745 1260683.761328 -528846.15415056 758547.00911447 -48076.923118731 -630341.8808324 240384.61554183 -1388888.8896101 0 0 37968.259948976 -79236.488551026 21414.067874322 21912.176520242 -64076.538571067 93667.533345106 -8392.2222452389 -35301.082089574 27253.125349271 380902.23788605 -1652.4855444036 65315.582806169 -21994.203283934 -335951.83954274 2757.354719739 -46436.450911567 -480769.23108367 2777777.7792202
* 5
982905.9834584 480769.23105775 -405982.9061891 96153.846211542 -491452.99178535 -480769.23105774 -85470.085483948 -96153.846211549 108479.62623198 35405.328561517 -8783.5624073182 7021.0586643303 -103895.96838364 -63596.761528159 34643.163393734 9417.3910300846 -27538.34415539 -32965.746752409 -20445.783320733 1672.8861735286 -16666.102667135 -17402.817496758 -48196.501515103 -23690.37269196 18191.367762881 21266.17316785 25486.619922037 48300.640685303 22951.340975861 20584.995494999 31726.032362967 50417.055418023 -6338.3394519576 59429.889918461 -35678.698520191 -29435.233015094 -35516.770623397 -68111.303038943 -14131.394424886 -44851.98216541
480769.23105775 1517094.0179382 -96153.846211554 502136.75250431 -480769.23105774 -758547.00906844 96153.846211549 -1260683.7613741 36628.470665638 246845.21085079 -14600.702442013 52004.931229684 -42516.283503161 -310881.3911123 -3975.8312325945 84242.481722161 -27827.010768055 -23263.651661672 17157.507549047 -81429.221648444 -19586.261542536 2941.0488124926 710.91360696963 -138075.13903238 20027.295045016 -10198.019685024 48242.677223563 82869.460677388 21707.713541363 14260.318424777 50115.865680292 133369.2907032 26595.008321014 214040.07779824 -38904.896894962 -64708.434351829 -45289.092874907 -291344.47746652 -40155.413362925 -78381.976302491
-405982.9061891 -96153.846211554 982905.98345838 -480769.23105773 -85470.085483934 96153.846211547 -491452.99178535 480769.23105774 -13644.407752 13802.371017312 45239.854086742 -26076.313347549 -27812.096183463 34291.391059485 19626.209801761 -626.63290057806 15838.770570831 13367.298787436 -26181.971191041 487.47236988741 19848.280665376 423.9130783308 -25910.92659488 16631.600198187 -29890.94134744 -1667.7252028769 21141.134589737 -46140.282141887 -19769.162977621 -3606.0910765715 42381.395747016 -57475.827911796 101173.55793194 -108637.58949729 -777.59315923273 10379.978331875 -96191.293943705 97416.673507618 -40137.97877061 53642.740294917
96153.846211542 502136.75250431 -480769.23105773 1517094.0179382 -96153.846211547 -1260683.761374 480769.23105774 -758547.00906844 37183.078702607 85078.05382913 -13982.179582814 75592.0896483 -1441.7721998513 -150096.83487256 17161.968426854 105700.32446207 -1570.6611794051 -17684.855884284 -13916.969733923 -81767.919142766 -5882.0950851047 8196.5741813499 -11299.072347629 -121300.85935256 9370.3769024443 -30750.487860933 -45002.139408439 80327.680113822 3760.6430862775 -3122.6954309349 -60704.024420951 126006.70768174 -100406.55768926 117883.18688168 10322.014870135 -62888.586526154 89247.148577919 -169633.74851834 53341.550557184 -111560.82988174
-491452.99178535 -480769.23105774 -85470.085483934 -96153.846211547 982905.98345838 480769.23105773 -405982.9061891 96153.846211554 -101173.55793194 -108637.58949729 -777.59315923278 -10379.978331875 96191.293943705 97416.673507618 -40137.97877061 -53642.740294917 29890.94134744 -1667.725202877 21141.134589737 46140.282141887 19769.162977621 -3606.0910765715 42381.395747016 57475.827911796 -15838.770570831 13367.298787436 -26181.971191041 -487.47236988743 -19848.280665376 423.91307833081 -25910.92659488 -16631.600198187 13644.407752 13802.371017312 45239.854086742 26076.313347549 27812.096183463 34291.391059485 19626.209801761 626.63290057813
-480769.23105774 -758547.00906844 96153.846211547 -1260683.761374 480769.23105773 1517094.0179382 -96153.846211542 502136.75250431 -100406.55768926 -117883.18688168 -10322.014870135 -62888.586526154 89247.148577919 169633.74851834 -53341.550557184 -111560.82988174 9370.3769024443 30750.487860932 45002.139408439 80327.680113822 3760.6430862775 3122.6954309348 60704.024420951 126006.70768174 -1570.6611794051 17684.855884284 13916.969733923 -81767.919142767 -5882.0950851047 -8196.5741813499 11299.072347629 -121300.85935256 37183.078702607 -85078.05382913 13982.179582814 75592.0896483 -1441.7721998513 150096.83487256 -17161.968426854 105700.32446207
-85470.085483948 96153.846211549 -491452.99178535 480769.23105774 -405982.9061891 -96153.846211542 982905.9834584 -480769.23105775 6338.3394519574 59429.889918461 -35678.698520191 29435.233015094 35516.770623397 -68111.303038943 -14131.394424886 44851.98216541 -18191.367762881 21266.17316785 25486.619922037 -48300.640685303 -22951.340975861 20584.995494999 31726.032362967 -50417.055418023 27538.34415539 -32965.746752409 -20445.783320733 -1672.8861735286 16666.102667135 -17402.817496758 -48196.501515103 23690.37269196 -108479.62623198 35405.328561517 -8783.5624073183 -7021.0586643302 103895.96838364 -63596.76152816 34643.163393734 -9417.3910300847
-96153.846211549 -1260683.7613741 480769.23105774 -758547.00906844 96153.846211554 502136.75250431 -480769.23105775 1517094.0179382 26595.008321015 -214040.07779824 38904.896894962 -64708.434351829 -45289.092874907 291344.47746652 40155.413362925 -78381.97630249 20027.295045016 10198.019685024 -48242.677223563 82869.460677388 21707.713541363 -14260.318424777 -50115.865680292 133369.2907032 -27827.010768055 23263.651661672 -17157.507549047 -81429.221648444 -19586.261542536 -2941.0488124926 -710.91360696966 -138075.13903238 36628.470665638 -246845.21085079 14600.702442013 52004.931229684 -42516.283503161 310881.3911123 3975.8312325944 84242.481722162
108479.62623198 36628.470665638 -13644.407752 37183.078702607 -101173.55793194 -100406.55768926 6338.3394519574 26595.008321015 64585.525157119 24560.971424911 17.963423899591 -8152.1330024204 -65261.641332174 -21795.126074819 17808.515957481 10234.189280406 -4786.5154861099 -2861.9773592299 -16872.785684919 -3309.3558262094 -255.90330275223 -3044.3587485988 -22685.792743699 -1995.4403052349 -3323.3690888323 -2692.1342390271 1875.4456347422 8442.037414545 4017.5673232699 4404.7454520558 5220.2712072521 12927.966207754 8944.9406505779 -2887.8206252592 -14449.033725468 -14720.131948589 -29710.988152225 -10346.078209721 2648.1745743824 -2608.6135372954
35405.328561517 246845.21085079 13802.371017312 85078.05382913 -108637.58949729 -117883.18688168 59429.889918461 -214040.07779824 24560.971424911 105851.01019412 -6533.5757777757 -15942.52222603 -22562.143987848 -84298.43836207 7653.0417354545 26472.165787935 -3942.226192632 11284.675345017 -535.01333278617 -21763.571465193 -2807.6354739229 2398.9988032473 424.7224365757 -21106.907324714 -2370.2114727604 -15600.470197485 11058.35140448 5008.03692124 5257.3639629133 1051.9756876147 15300.632635787 23756.384837129 2887.8206252592 -2443.2336982533 -14228.286130788 -35790.193855675 -16225.604330442 -41393.331360223 -3609.3305484407 2163.2261293085
-8783.5624073182 -14600.702442013 45239.854086742 -13982.179582814 -777.59315923278 -10322.014870135 -35678.698520191 38904.896894962 17.963423899591 -6533.5757777757 22001.823549378 -3836.9568315416 -11803.5407276 13820.945654587 18646.343576444 -2228.9026070894 -2459.2434164319 708.31759693827 -10805.403668808 2532.1269519237 521.64877667505 -1594.0602783441 -15174.833723102 3801.7765661484 70.063509702474 2085.2940386468 -2605.9560605905 -4210.7941157018 -1130.8484405095 889.00662783703 -2329.5845447912 -5731.7877317087 14449.033725468 -14228.286130788 11809.668325864 -311.32050455886 -9994.5979484932 16091.317697941 7135.4767837316 2331.3762169599
7021.0586643303 52004.931229684 -26076.313347549 75592.0896483 -10379.978331875 -62888.586526154 29435.233015094 -64708.434351829 -8152.1330024204 -15942.52222603 -3836.9568315416 29954.437094334 14908.580152834 -5291.4958272829 -2582.3968592407 3427.8859545661 632.11654465167 -8325.8357720856 2276.8364260677 -3623.9413621895 -1312.2499319015 1678.7029690672 3204.5453495679 -16224.238817833 2263.8495105517 4867.4035935693 -4192.0795368418 8318.1649018089 712.65737468799 176.23510326423 -5695.4917646248 6453.0255716668 -14720.131948588 35790.193855675 311.32050455884 10660.847108667 16926.195485829 -24529.047544005 1947.8765632768 -12483.49490566
-103895.96838364 -42516.283503161 -27812.096183463 -1441.7721998513 96191.293943705 89247.148577919 35516.770623397 -45289.092874907 -65261.641332174 -22562.143987848 -11803.5407276 14908.580152834 87090.389697238 15017.205643058 -23411.724990913 -7136.8789145386 11760.068646689 4218.7161815425 24969.71207121 1240.0719167338 3.850679671275 4727.1234916412 38219.389437 597.48109054174 1829.0451422327 648.1761392448 -5662.6627437395 -6068.0518404795 -3761.5265809356 -7337.1664963883 -7097.1457224417 -9221.7345684638 -29710.988152225 16225.604330442 9994.5979484932 16926.195485829 47536.260851433 -2891.1212114336 1913.6648795719 1406.4906023289
-63596.761528159 -310881.3911123 34291.391059485 -150096.83487256 97416.673507618 169633.74851834 -68111.303038943 291344.47746652 -21795.126074819 -84298.43836207 13820.945654587 -5291.4958272829 15017.205643058 104338.16690878 -3414.1873122206 -29489.032852653 5283.7966876381 8263.845780258 -1810.8017132955 25265.670940873 4075.0495116758 2803.4234477221 -2091.3378534003 39098.748234067 247.01195031887 2858.395770203 -8654.5184233103 -18719.045329274 -8136.452707759 -4446.9676933613 -11587.607283789 -28718.798747374 10346.078209721 -41393.331360223 16091.317697941 24529.047544005 2891.1212114336 66917.418641123 2561.6140125224 11722.092910818
34643.163393734 -3975.8312325945 19626.209801761 17161.968426854 -40137.97877061 -53341.550557184 -14131.394424886 40155.413362925 17808.515957481 7653.0417354545 18646.343576444 -2582.3968592407 -23411.724990913 -3414.1873122206 42517.285341929 471.68132389143 -1106.8718759481 -1851.7587524391 -15661.112077303 -613.41932996448 -5234.9877193627 -3408.369857664 -15408.206391364 -678.30940094709 -1444.5036382624 2883.3849507089 -3007.4295114522 -1962.9686679732 416.74570561924 1587.9622134694 1866.6311442298 -4913.8882332231 -2648.1745743824 -3609.3305484407 7135.4767837316 -1947.8765632768 -1913.6648795719 2561.6140125223 20668.261237814 -61.440622997779
9417.3910300846 84242.481722161 -626.63290057806 105700.32446207 -53642.740294917 -111560.82988174 44851.98216541 -78381.97630249 10234.189280406 26472.165787935 -2228.9026070894 3427.8859545661 -7136.8789145386 -29489.032852653 471.68132389143 31062.387030026 -2525.7474580912 458.46174915953 -1410.8971292931 -16000.863432397 -2491.2808407382 -655.5905393143 -2301.4522809916 -15113.099444858 2762.4709178868 -7277.6309914729 -1880.3495378768 5897.0435231278 1734.0378373489 -528.68941470912 -4827.4380981864 16362.429761065 -2608.6135372953 -2163.2261293086 -2331.3762169599 -12483.49490566 1406.4906023288 -11722.092910818 61.440622997826 482.14553627453
-27538.34415539 -27827.010768055 15838.770570831 -1570.6611794051 29890.94134744 9370.3769024443 -18191.367762881 20027.295045016 -4786.5154861099 -3942.226192632 -2459.2434164319 632.11654465167 11760.068646689 5283.7966876381 -1106.8718759481 -2525.7474580912 9589.2169934941 2017.1454726511 2930.4005437395 2355.9150558469 788.86745692324 367.44246408816 9004.6698277267 4686.3425657213 -4378.0905305377 -86.004152342752 -2254.7972898049 -2134.7276981071 -5803.8818752696 -1350.4690783005 1366.2891887568 -2170.4164155125 -3323.3690888323 2370.2114727604 -70.063509702472 2263.8495105517 1829.0451422327 -247.01195031886 1444.5036382624 2762.4709178869
-32965.746752409 -23263.651661672 13367.298787436 -17684.855884284 -1667.725202877 30750.487860932 21266.17316785 10198.019685024 -2861.9773592299 11284.675345017 708.31759693827 -8325.8357720856 4218.7161815425 8263.845780258 -1851.7587524391 458.46174915953 2017.1454726511 19838.623225072 2499.8591568569 -1007.2353559818 -17.178926401794 9087.1411459962 4897.505162847 11409.273349676 86.004152342755 -15929.297557162 -1713.8916259941 -7405.2190300085 -1400.5118352949 -10354.942856672 -1867.4177358016 3066.7053238385 2692.1342390271 -15600.470197485 2085.2940386468 -4867.4035935693 -648.17613924479 2858.395770203 2883.3849507089 7277.6309914729
-20445.783320733 17157.507549047 -26181.971191041 -13916.969733923 21141.134589737 45002.139408439 25486.619922037 -48242.677223563 -16872.785684919 -535.01333278617 -10805.403668808 2276.8364260677 24969.71207121 -1810.8017132955 -15661.112077303 -1410.8971292931 2930.4005437395 2499.8591568569 19499.536825416 246.25479222002 -2089.9810713752 2774.6570956538 24972.889407795 969.63078368744 2254.7972898049 -1713.8916259941 7546.5035302937 -2.5909745137154 571.0389101158 -1463.2509099088 7767.5746912262 1815.1136146447 -1875.4456347423 11058.35140448 -2605.9560605905 4192.0795368418 5662.6627437395 -8654.5184233103 -3007.4295114522 1880.3495378768
1672.8861735286 -81429.221648444 487.47236988741 -81767.919142766 46140.282141887 80327.680113822 -48300.640685303 82869.460677388 -3309.3558262094 -21763.571465193 2532.1269519237 -3623.9413621895 1240.0719167338 25265.670940873 -613.41932996448 -16000.863432397 2355.9150558469 -1007.2353559818 246.25479222002 15567.374334313 2663.8693438388 -2114.0066417396 1216.2972204934 16617.238771854 -2134.7276981071 7405.2190300085 2.5909745137146 -3784.6617770698 -1113.384691666 1563.4334194745 1878.551577791 -10798.955163862 8442.037414545 -5008.03692124 4210.7941157018 8318.1649018089 -6068.0518404795 18719.045329274 1962.9686679732 5897.0435231278
-16666.102667135 -19586.261542536 19848.280665376 -5882.0950851047 19769.162977621 3760.6430862775 -22951.340975861 21707.713541363 -255.90330275223 -2807.6354739229 521.64877667505 -1312.2499319015 3.850679671275 4075.0495116758 -5234.9877193627 -2491.2808407382 788.86745692324 -17.178926401794 -2089.9810713752 2663.8693438388 9391.5766370692 346.61572560656 -2057.7256844121 2117.1790927659 -5803.8818752696 1400.5118352949 -571.03891011581 -1113.384691666 179.95948425564 116.7326800005 2233.0875885481 -2561.2797389196 4017.5673232699 -5257.3639629133 1130.8484405095 712.65737468799 -3761.5265809356 8136.452707759 -416.74570561922 1734.0378373489
-17402.817496758 2941.0488124926 423.9130783308 8196.5741813499 -3606.0910765715 3122.6954309348 20584.995494999 -14260.318424777 -3044.3587485988 2398.9988032473 -1594.0602783441 1678.7029690672 4727.1234916412 2803.4234477221 -3408.369857664 -655.5905393143 367.44246408816 9087.1411459962 2774.6570956538 -2114.0066417396 346.61572560656 10927.700820707 2698.155285925 1102.6087659627 1350.4690783005 -10354.942856672 -1463.2509099088 -1563.4334194745 -116.7326800005 -5574.553651306 -3017.7733965939 6281.5894841673 -4404.7454520559 1051.9756876147 889.00662783702 -176.23510326422 7337.1664963883 -4446.9676933613 1587.9622134694 528.68941470912
-48196.501515103 710.91360696963 -25910.92659488 -11299.072347629 42381.395747016 60704.024420951 31726.032362967 -50115.865680292 -22685.792743699 424.7224365757 -15174.833723102 3204.5453495679 38219.389437 -2091.3378534003 -15408.206391364 -2301.4522809916 9004.6698277267 4897.505162847 24972.889407795 1216.2972204934 -2057.7256844121 2698.155285925 39180.431215406 3755.5903661275 -1366.2891887568 -1867.4177358016 7767.5746912262 -1878.551577791 -2233.0875885481 -3017.7733965938 11190.257203341 1.228684529748 -5220.2712072522 15300.632635787 -2329.5845447912 5695.4917646248 7097.1457224418 -11587.607283789 1866.6311442298 4827.4380981864
-23690.37269196 -138075.13903238 16631.600198187 -121300.85935256 57475.827911796 126006.70768174 -50417.055418023 133369.2907032 -1995.4403052349 -21106.907324714 3801.7765661484 -16224.238817833 597.48109054174 39098.748234067 -678.30940094709 -15113.099444858 4686.3425657213 11409.273349676 969.63078368744 16617.238771854 2117.1790927659 1102.6087659627 3755.5903661275 34156.619333922 -2170.4164155125 -3066.7053238384 -1815.1136146447 -10798.955163862 -2561.2797389196 -6281.5894841673 -1.2286845297501 -13945.990076333 12927.966207754 -23756.384837129 5731.7877317087 6453.0255716667 -9221.7345684638 28718.798747374 4913.8882332232 16362.429761065
18191.367762881 20027.295045016 -29890.94134744 9370.3769024443 -15838.770570831 -1570.6611794051 27538.34415539 -27827.010768055 -3323.3690888323 -2370.2114727604 70.063509702474 2263.8495105517 1829.0451422327 247.01195031887 -1444.5036382624 2762.4709178868 -4378.0905305377 86.004152342755 2254.7972898049 -2134.7276981071 -5803.8818752696 1350.4690783005 -1366.2891887568 -2170.4164155125 9589.2169934941 -2017.1454726511 -2930.4005437395 2355.9150558469 788.86745692324 -367.44246408815 -9004.6698277267 4686.3425657213 -4786.5154861099 3942.226192632 2459.2434164319 632.11654465168 11760.068646689 -5283.7966876381 1106.8718759482 -2525.7474580912
21266.17316785 -10198.019685024 -1667.7252028769 -30750.487860933 13367.298787436 17684.855884284 -32965.746752409 23263.651661672 -2692.1342390271 -15600.470197485 2085.2940386468 4867.4035935693 648.1761392448 2858.395770203 2883.3849507089 -7277.6309914729 -86.004152342752 -15929.297557162 -1713.8916259941 7405.2190300085 1400.5118352949 -10354.942856672 -1867.4177358016 -3066.7053238384 -2017.1454726511 19838.623225072 2499.8591568569 1007.2353559818 17.178926401796 9087.1411459962 4897.505162847 -11409.273349676 2861.97735923 11284.675345017 708.31759693828 8325.8357720857 -4218.7161815425 8263.845780258 -1851.7587524391 -458.46174915952
25486.619922037 48242.677223563 21141.134589737 -45002.139408439 -26181.971191041 13916.969733923 -20445.783320733 -17157.507549047 1875.4456347422 11058.35140448 -2605.9560605905 -4192.0795368418 -5662.6627437395 -8654.5184233103 -3007.4295114522 -1880.3495378768 -2254.7972898049 -1713.8916259941 7546.5035302937 2.5909745137146 -571.03891011581 -1463.2509099088 7767.5746912262 -1815.1136146447 -2930.4005437395 2499.8591568569 19499.536825416 -246.25479222002 2089.9810713752 2774.6570956538 24972.889407795 -969.63078368744 16872.785684919 -535.01333278617 -10805.403668808 -2276.8364260677 -24969.71207121 -1810.8017132956 -15661.112077303 1410.8971292931
48300.640685303 82869.460677388 -46140.282141887 80327.680113822 -487.47236988743 -81767.919142767 -1672.8861735286 -81429.221648444 8442.037414545 5008.03692124 -4210.7941157018 8318.1649018089 -6068.0518404795 -18719.045329274 -1962.9686679732 5897.0435231278 -2134.7276981071 -7405.2190300085 -2.5909745137154 -3784.6617770698 -1113.384691666 -1563.4334194745 -1878.551577791 -10798.955163862 2355.9150558469 1007.2353559818 -246.25479222002 15567.374334313 2663.8693438388 2114.0066417396 -1216.2972204934 16617.238771854 -3309.3558262094 21763.571465193 -2532.1269519237 -3623.9413621895 1240.0719167338 -25265.670940873 613.41932996447 -16000.863432397
22951.340975861 21707.713541363 -19769.162977621 3760.6430862775 -19848.280665376 -5882.0950851047 16666.102667135 -19586.261542536 4017.5673232699 5257.3639629133 -1130.8484405095 712.65737468799 -3761.5265809356 -8136.452707759 416.74570561924 1734.0378373489 -5803.8818752696 -1400.5118352949 571.0389101158 -1113.384691666 179.95948425564 -116.7326800005 -2233.0875885481 -2561.2797389196 788.86745692324 17.178926401796 2089.9810713752 2663.8693438388 9391.5766370692 -346.61572560656 2057.7256844121 2117.1790927659 -255.90330275223 2807.6354739229 -521.64877667504 -1312.2499319015 3.8506796712603 -4075.0495116758 5234.9877193627 -2491.2808407382
20584.995494999 14260.318424777 -3606.0910765715 -3122.6954309349 423.91307833081 -8196.5741813499 -17402.817496758 -2941.0488124926 4404.7454520558 1051.9756876147 889.00662783703 176.23510326423 -7337.1664963883 -4446.9676933613 1587.9622134694 -528.68941470912 -1350.4690783005 -10354.942856672 -1463.2509099088 1563.4334194745 116.7326800005 -5574.553651306 -3017.7733965938 -6281.5894841673 -367.44246408815 9087.1411459962 2774.6570956538 2114.0066417396 -346.61572560656 10927.700820707 2698.155285925 -1102.6087659627 3044.3587485988 2398.9988032473 -1594.0602783441 -1678.7029690672 -4727.1234916412 2803.4234477221 -3408.369857664 655.5905393143
31726.032362967 50115.865680292 42381.395747016 -60704.024420951 -25910.92659488 11299.072347629 -48196.501515103 -710.91360696966 5220.2712072521 15300.632635787 -2329.5845447912 -5695.4917646248 -7097.1457224417 -11587.607283789 1866.6311442298 -4827.4380981864 1366.2891887568 -1867.4177358016 7767.5746912262 1878.551577791 2233.0875885481 -3017.7733965939 11190.257203341 -1.2286845297501 -9004.6698277267 4897.505162847 24972.889407795 -1216.2972204934 2057.7256844121 2698.155285925 39180.431215406 -3755.5903661275 22685.792743699 424.72243657571 -15174.833723102 -3204.5453495679 -38219.389437 -2091.3378534003 -15408.206391364 2301.4522809916
50417.055418023 133369.2907032 -57475.827911796 126006.70768174 -16631.600198187 -121300.85935256 23690.37269196 -138075.13903238 12927.966207754 23756.384837129 -5731.7877317087 6453.0255716668 -9221.7345684638 -28718.798747374 -4913.8882332231 16362.429761065 -2170.4164155125 3066.7053238385 1815.1136146447 -10798.955163862 -2561.2797389196 6281.5894841673 1.228684529748 -13945.990076333 4686.3425657213 -11409.273349676 -969.63078368744 16617.238771854 2117.1790927659 -1102.6087659627 -3755.5903661275 34156.619333922 -1995.4403052349 21106.907324714 -3801.7765661484 -16224.238817833 597.48109054172 -39098.748234067 678.3094009471 -15113.099444858
-6338.3394519576 26595.008321014 101173.55793194 -100406.55768926 13644.407752 37183.078702607 -108479.62623198 36628.470665638 8944.9406505779 2887.8206252592 14449.033725468 -14720.131948588 -29710.988152225 10346.078209721 -2648.1745743824 -2608.6135372953 -3323.3690888323 2692.1342390271 -1875.4456347423 8442.037414545 4017.5673232699 -4404.7454520559 -5220.2712072522 12927.966207754 -4786.5154861099 2861.97735923 16872.785684919 -3309.3558262094 -255.90330275223 3044.3587485988 22685.792743699 -1995.4403052349 64585.525157119 -24560.971424911 -17.963423899542 -8152.1330024205 -65261.641332174 21795.126074819 -17808.515957481 10234.189280406
59429.889918461 214040.07779824 -108637.58949729 117883.18688168 13802.371017312 -85078.05382913 35405.328561517 -246845.21085079 -2887.8206252592 -2443.2336982533 -14228.286130788 35790.193855675 16225.604330442 -41393.331360223 -3609.3305484407 -2163.2261293086 2370.2114727604 -15600.470197485 11058.35140448 -5008.03692124 -5257.3639629133 1051.9756876147 15300.632635787 -23756.384837129 3942.226192632 11284.675345017 -535.01333278617 21763.571465193 2807.6354739229 2398.9988032473 424.72243657571 21106.907324714 -24560.971424911 105851.01019412 -6533.5757777757 15942.522226031 22562.143987848 -84298.43836207 7653.0417354545 -26472.165787935
-35678.698520191 -38904.896894962 -777.59315923273 10322.014870135 45239.854086742 13982.179582814 -8783.5624073183 14600.702442013 -14449.033725468 -14228.286130788 11809.668325864 311.32050455884 9994.5979484932 16091.317697941 7135.4767837316 -2331.3762169599 -70.063509702472 2085.2940386468 -2605.9560605905 4210.7941157018 1130.8484405095 889.00662783702 -2329.5845447912 5731.7877317087 2459.2434164319 708.31759693828 -10805.403668808 -2532.1269519237 -521.64877667504 -1594.0602783441 -15174.833723102 -3801.7765661484 -17.963423899542 -6533.5757777757 22001.823549378 3836.9568315416 11803.5407276 13820.945654587 18646.343576444 2228.9026070894
-29435.233015094 -64708.434351829 10379.978331875 -62888.586526154 26076.313347549 75592.0896483 -7021.0586643302 52004.931229684 -14720.131948589 -35790.193855675 -311.32050455886 10660.847108667 16926.195485829 24529.047544005 -1947.8765632768 -12483.49490566 2263.8495105517 -4867.4035935693 4192.0795368418 8318.1649018089 712.65737468799 -176.23510326422 5695.4917646248 6453.0255716667 632.11654465168 8325.8357720857 -2276.8364260677 -3623.9413621895 -1312.2499319015 -1678.7029690672 -3204.5453495679 -16224.238817833 -8152.1330024205 15942.522226031 3836.9568315416 29954.437094335 14908.580152834 5291.4958272828 2582.3968592407 3427.8859545661
-35516.770623397 -45289.092874907 -96191.293943705 89247.148577919 27812.096183463 -1441.7721998513 103895.96838364 -42516.283503161 -29710.988152225 -16225.604330442 -9994.5979484932 16926.195485829 47536.260851433 2891.1212114336 -1913.6648795719 1406.4906023288 1829.0451422327 -648.17613924479 5662.6627437395 -6068.0518404795 -3761.5265809356 7337.1664963883 7097.1457224418 -9221.7345684638 11760.068646689 -4218.7161815425 -24969.71207121 1240.0719167338 3.8506796712603 -4727.1234916412 -38219.389437 597.48109054172 -65261.641332174 22562.143987848 11803.5407276 14908.580152834 87090.389697238 -15017.205643058 23411.724990913 -7136.8789145387
-68111.303038943 -291344.47746652 97416.673507618 -169633.74851834 34291.391059485 150096.83487256 -63596.76152816 310881.3911123 -10346.078209721 -41393.331360223 16091.317697941 -24529.047544005 -2891.1212114336 66917.418641123 2561.6140125223 -11722.092910818 -247.01195031886 2858.395770203 -8654.5184233103 18719.045329274 8136.452707759 -4446.9676933613 -11587.607283789 28718.798747374 -5283.7966876381 8263.845780258 -1810.8017132956 -25265.670940873 -4075.0495116758 2803.4234477221 -2091.3378534003 -39098.748234067 21795.126074819 -84298.43836207 13820.945654587 5291.4958272828 -15017.205643058 104338.16690878 -3414.1873122206 29489.032852654
-14131.394424886 -40155.413362925 -40137.97877061 53341.550557184 19626.209801761 -17161.968426854 34643.163393734 3975.8312325944 2648.1745743824 -3609.3305484407 7135.4767837316 1947.8765632768 1913.6648795719 2561.6140125224 20668.261237814 61.440622997826 1444.5036382624 2883.3849507089 -3007.4295114522 1962.9686679732 -416.74570561922 1587.9622134694 1866.6311442298 4913.8882332232 1106.8718759482 -1851.7587524391 -15661.112077303 613.41932996447 5234.9877193627 -3408.369857664 -15408.206391364 678.3094009471 -17808.515957481 7653.0417354545 18646.343576444 2582.3968592407 23411.724990913 -3414.1873122206 42517.285341929 -471.68132389139
-44851.98216541 -78381.976302491 53642.740294917 -111560.82988174 626.63290057813 105700.32446207 -9417.3910300847 84242.481722162 -2608.6135372954 2163.2261293085 2331.3762169599 -12483.49490566 1406.4906023289 11722.092910818 -61.440622997779 482.14553627453 2762.4709178869 7277.6309914729 1880.3495378768 5897.0435231278 1734.0378373489 528.68941470912 4827.4380981864 16362.429761065 -2525.7474580912 -458.46174915952 1410.8971292931 -16000.863432397 -2491.2808407382 655.5905393143 2301.4522809916 -15113.099444858 10234.189280406 -26472.165787935 2228.9026070894 3427.8859545661 -7136.8789145387 29489.032852654 -471.68132389139 31062.387030026
* 6
982905.09961725 480769.23076923 -405982.02269418 96153.846153846 -491453.87474172 -480769.23076923 -85469.202181358 -96153.846153846 26411.84899707 38.198815675869 15878.380594116 5724.956868801 21736.659437551 -1325.0339363386 31777.254809093 8632.2740602372 -19294.35038944 6894.5905599306 -21303.216602585 -31744.19674279 -18225.600522765 5850.4337732127 -17219.811511975 -36087.658141883
480769.23076923 1517092.6537571 -96153.846153846 502138.1154737 -480769.23076923 -758548.37188396 96153.846153846 -1260682.3973468 7521.5089466537 19396.627315843 -7927.1420276523 66009.470637735 5730.1773024161 13697.680423574 -3154.6698496581 83312.67814997 -2899.649362916 6337.7132054113 -32906.577768713 -67559.423783012 -2713.2440778333 2279.8918634842 -32967.957984405 -79153.408636508
-405982.02269418 -96153.846153846 982905.09961725 -480769.23076923 -85469.202181358 96153.846153846 -491453.87474172 480769.23076923 -19479.059621464 19550.172349971 21590.773017475 -8049.8865867161 -17211.259600677 18451.716776474 12942.677393028 -2393.3697900437 26227.139765046 -26482.961725578 -16165.937009006 29419.267024875 22751.000359639 -22977.116613348 -27500.120690146 42326.562412077
96153.846153846 502138.1154737 -480769.23076923 1517092.6537571 -96153.846153846 -1260682.3973468 480769.23076923 -758548.37188396 21861.047801817 4868.1354987799 4439.7474507797 65132.567002834 19959.846957787 2141.2190054849 12513.026254948 73207.084557453 -26482.907385555 17927.049609211 29419.18319184 -63582.613857557 -22976.78018237 13559.007565575 42326.314389695 -77366.354070915
-491453.87474172 -480769.23076923 -85469.202181358 -96153.846153846 982905.09961726 480769.23076923 -405982.02269418 96153.846153846 -26227.139765046 -26482.961725578 -16165.937009007 -29419.267024875 -22751.000359639 -22977.116613348 -27500.120690146 -42326.562412077 19479.059621464 19550.172349971 21590.773017475 8049.8865867161 17211.259600677 18451.716776474 12942.677393028 2393.3697900437
-480769.23076923 -758548.37188396 96153.846153846 -1260682.3973468 480769.23076923 1517092.6537571 -96153.846153846 502138.1154737 -26482.907385555 -17927.049609211 -29419.18319184 -63582.613857557 -22976.78018237 -13559.007565575 -42326.314389695 -77366.354070915 21861.047801817 -4868.1354987799 -4439.7474507797 65132.567002834 19959.846957787 -2141.2190054849 -12513.026254948 73207.084557453
-85469.202181358 96153.846153846 -491453.87474172 480769.23076923 -405982.02269418 -96153.846153846 982905.09961725 -480769.23076923 19294.35038944 6894.5905599306 -21303.216602585 31744.19674279 18225.600522765 5850.4337732127 -17219.811511975 36087.658141883 -26411.84899707 38.198815675861 15878.380594116 -5724.956868801 -21736.659437551 -1325.0339363386 31777.254809093 -8632.2740602372
-96153.846153846 -1260682.3973468 480769.23076923 -758548.37188396 96153.846153846 502138.1154737 -480769.23076923 1517092.6537571 -2899.649362916 -6337.7132054113 32906.577768713 -67559.423783012 -2713.2440778333 -2279.8918634842 32967.957984405 -79153.408636508 7521.5089466537 -19396.627315843 7927.1420276523 66009.470637735 5730.1773024161 -13697.680423574 3154.6698496581 83312.67814997
26411.84899707 7521.5089466537 -19479.059621464 21861.047801817 -26227.139765046 -26482.907385555 19294.35038944 -2899.649362916 3891.1612785133 604.95442203438 645.29783796344 1536.9183328175 3486.1438328831 478.85099230657 2229.0017767755 1976.3403568736 -3640.6372090029 -8.4476248984794 -658.55237649435 -1644.4330683597 -3299.2623678591 -63.7817019952 745.97850589208 -1821.9770015126
38.198815675869 19396.627315843 19550.172349971 4868.1354987799 -26482.961725578 -17927.049609211 6894.5905599306 -6337.7132054113 604.95442203438 8735.5733458062 1553.7978231102 353.69274885129 507.11550901954 7950.6113963762 1864.2031216021 3609.5868031807 8.4476248984797 -8338.8536845474 -1678.748587125 -1767.0347666372 -18.17476572876 -7671.9621554329 -1732.1122400501 1160.2030699487
15878.380594116 -7927.1420276523 21590.773017475 4439.7474507797 -16165.937009007 -29419.18319184 -21303.216602585 32906.577768713 645.29783796344 1553.7978231102 9641.7288353074 -342.9327309592 437.53142089526 1408.950104334 10380.561653204 243.445680936 658.55237649435 -1678.748587125 2718.3366511523 -4.2048954544399 538.32650788564 -1456.5295608024 2518.8434053501 779.23384581443
5724.956868801 66009.470637735 -8049.8865867161 65132.567002834 -29419.267024875 -63582.613857557 31744.19674279 -67559.423783012 1536.9183328175 353.69274885129 -342.9327309592 7553.9478871549 1374.7061058758 86.621644007043 278.21324952749 8260.0654286425 -1644.4330683597 1767.0347666372 4.2048954544371 -3885.5801617311 -1428.998445408 1403.0316875027 756.13633534944 -4954.2770115947
21736.659437551 5730.1773024161 -17211.259600677 19959.846957787 -22751.000359639 -22976.78018237 18225.600522765 -2713.2440778333 3486.1438328831 507.11550901954 437.53142089526 1374.7061058758 3145.4346193019 407.47349146973 1788.8570050943 1729.9647178847 -3299.2623678591 18.17476572876 -538.32650788564 -1428.998445408 -2983.1277513917 -34.492565812489 781.95623394341 -1589.497669808
-1325.0339363386 13697.680423574 18451.716776474 2141.2190054849 -22977.116613348 -13559.007565575 5850.4337732127 -2279.8918634842 478.85099230657 7950.6113963762 1408.950104334 86.621644007043 407.47349146973 7291.249660003 1634.6032895455 2883.5141538655 63.781701995201 -7671.9621554329 -1456.5295608024 -1403.0316875027 34.49256581249 -7038.2363680574 -1517.936518831 1439.2818831459
31777.254809093 -3154.6698496581 12942.677393028 12513.026254948 -27500.120690146 -42326.314389695 -17219.811511975 32967.957984405 2229.0017767755 1864.2031216021 10380.561653204 278.21324952749 1788.8570050943 1634.6032895455 12054.482469113 1139.1692651434 -745.97850589208 -1732.1122400501 2518.8434053501 -756.13633534944 -781.95623394341 -1517.936518831 2644.9462889313 -30.769182187346
8632.2740602372 83312.67814997 -2393.3697900437 73207.084557453 -42326.562412077 -77366.354070915 36087.658141883 -79153.408636508 1976.3403568736 3609.5868031807 243.445680936 8260.0654286425 1729.9647178847 2883.5141538655 1139.1692651434 10941.706335015 -1821.9770015126 -1160.2030699487 -779.23384581443 -4954.2770115947 -1589.497669808 -1439.2818831459 30.769182187346 -5686.6626861746
-19294.35038944 -2899.649362916 26227.139765046 -26482.907385555 19479.059621464 21861.047801817 -26411.84899707 7521.5089466537 -3640.6372090029 8.4476248984797 658.55237649435 -1644.4330683597 -3299.2623678591 63.781701995201 -745.97850589208 -1821.9770015126 3891.1612785133 -604.95442203438 -645.29783796344 1536.9183328175 3486.1438328831 -478.85099230657 -2229.0017767755 1976.3403568736
6894.5905599306 6337.7132054113 -26482.961725578 17927.049609211 19550.172349971 -4868.1354987799 38.198815675861 -19396.627315843 -8.4476248984794 -8338.8536845474 -1678.748587125 1767.0347666372 18.17476572876 -7671.9621554329 -1732.1122400501 -1160.2030699487 -604.95442203438 8735.5733458062 1553.7978231102 -353.69274885129 -507.11550901954 7950.6113963762 1864.2031216021 -3609.5868031807
-21303.216602585 -32906.577768713 -16165.937009006 29419.18319184 21590.773017475 -4439.7474507797 15878.380594116 7927.1420276523 -658.55237649435 -1678.748587125 2718.3366511523 4.2048954544371 -538.32650788564 -1456.5295608024 2518.8434053501 -779.23384581443 -645.29783796344 1553.7978231102 9641.7288353074 342.93273095919 -437.53142089525 1408.950104334 10380.561653204 -243.445680936
-31744.19674279 -67559.423783012 29419.267024875 -63582.613857557 8049.8865867161 65132.567002834 -5724.956868801 66009.470637735 -1644.4330683597 -1767.0347666372 -4.2048954544399 -3885.5801617311 -1428.998445408 -1403.0316875027 -756.13633534944 -4954.2770115947 1536.9183328175 -353.69274885129 342.93273095919 7553.9478871549 1374.7061058758 -86.62164400704 -278.21324952749 8260.0654286425
-18225.600522765 -2713.2440778333 22751.000359639 -22976.78018237 17211.259600677 19959.846957787 -21736.659437551 5730.1773024161 -3299.2623678591 -18.17476572876 538.32650788564 -1428.998445408 -2983.1277513917 34.49256581249 -781.95623394341 -1589.497669808 3486.1438328831 -507.11550901954 -437.53142089525 1374.7061058758 3145.4346193019 -407.47349146973 -1788.8570050943 1729.9647178847
5850.4337732127 2279.8918634842 -22977.116613348 13559.007565575 18451.716776474 -2141.2190054849 -1325.0339363386 -13697.680423574 -63.7817019952 -7671.9621554329 -1456.5295608024 1403.0316875027 -34.492565812489 -7038.2363680574 -1517.936518831 -1439.2818831459 -478.85099230657 7950.6113963762 1408.950104334 -86.62164400704 -407.47349146973 7291.249660003 1634.6032895455 -2883.5141538655
-17219.811511975 -32967.957984405 -27500.120690146 42326.314389695 12942.677393028 -12513.026254948 31777.254809093 3154.6698496581 745.97850589208 -1732.1122400501 2518.8434053501 756.13633534944 781.95623394341 -1517.936518831 2644.9462889313 30.769182187346 -2229.0017767755 1864.2031216021 10380.561653204 -278.21324952749 -1788.8570050943 1634.6032895455 12054.482469113 -1139.1692651434
-36087.658141883 -79153.408636508 42326.562412077 -77366.354070915 2393.3697900437 73207.084557453 -8632.2740602372 83312.67814997 -1821.9770015126 1160.2030699487 779.23384581443 -4954.2770115947 -1589.497669808 1439.2818831459 -30.769182187346 -5686.6626861746 1976.3403568736 -3609.5868031807 -243.445680936 8260.0654286425 1729.9647178847 -2883.5141538655 -1139.1692651434 10941.706335015
* 7
982905.98290598 480769.23076923 -405982.90598291 96153.846153846 -491452.99145299 -480769.23076923 -85470.085470085 -96153.846153846
480769.23076923 1517094.017094 -96153.846153846 502136.75213675 -480769.23076923 -758547.00854701 96153.846153846 -1260683.7606838
-405982.90598291 -96153.846153846 982905.98290598 -480769.23076923 -85470.085470085 96153.846153846 -491452.99145299 480769.23076923
96153.846153846 502136.75213675 -480769.23076923 1517094.017094 -96153.846153846 -1260683.7606838 480769.23076923 -758547.00854701
-491452.99145299 -480769.23076923 -85470.085470085 -96153.846153846 982905.98290598 480769.23076923 -405982.90598291 96153.846153846
-480769.23076923 -758547.00854701 96153.846153846 -1260683.7606838 480769.23076923 1517094.017094 -96153.846153846 502136.75213675
-85470.085470085 96153.846153846 -491452.99145299 480769.23076923 -405982.90598291 -96153.846153846 982905.98290598 -480769.23076923
-96153.846153846 -1260683.7606838 480769.23076923 -758547.00854701 96153.846153846 502136.75213675 -480769.23076923 1517094.017094
* 8
982905.09961725 480769.23076923 -405982.02269418 96153.846153846 -491453.87474172 -480769.23076923 -85469.202181358 -96153.846153846 0 0 10118.564190568 -232.89143260825 -28809.870310536 -23680.644616194 -44758.872743586 -24425.067524498 4423.1623392406 9875.2210709043
480769.23076923 1517092.6537571 -96153.846153846 502138.1154737 -480769.23076923 -758548.37188396 96153.846153846 -1260682.3973468 0 0 -14982.273496369 72251.37748936 -19383.663999792 -27214.14984104 -3404.6393455983 -108895.28237573 9121.1906185825 5868.7454945476
-405982.02269418 -96153.846153846 982905.09961725 -480769.23076923 -85469.202181358 96153.846153846 -491453.87474172 480769.23076923 0 0 34128.93947517 -9633.1925243366 15919.225957031 4590.9572265545 -18297.462697138 12364.144404507 -2163.1458565012 -7864.5944860912
96153.846153846 502138.1154737 -480769.23076923 1517092.6537571 -96153.846153846 -1260682.3973468 480769.23076923 -758548.37188396 0 0 183.14756095182 82614.885340724 -9250.8670846663 -17903.105396227 -14686.745334388 -111801.8916668 -6105.2507413628 2041.3121950402
-491453.87474172 -480769.23076923 -85469.202181358 -96153.846153846 982905.09961725 480769.23076923 -405982.02269418 96153.846153846 0 0 -11108.076908965 -34614.311141402 28623.377952126 8299.6871269503 46439.616643783 50692.191036217 -2528.3161747294 5604.5780033519
-480769.23076923 -758548.37188396 96153.846153846 -1260682.3973468 480769.23076923 1517092.6537571 -96153.846153846 502138.1154737 0 0 -29681.483338111 -76037.496036094 17844.629987003 30629.563655986 56724.30229487 119842.50708013 4598.5730862033 -3381.729918249
-85469.202181358 96153.846153846 -491453.87474172 480769.23076923 -405982.02269418 -96153.846153846 982905.09961725 -480769.23076923 0 0 -33139.426756773 44480.395098347 -15732.733598622 10790.000262689 16616.718796941 -38631.267916226 268.29969199001 -7615.204588165
-96153.846153846 -1260682.3973468 480769.23076923 -758548.37188396 96153.846153846 502138.1154737 -480769.23076923 1517092.6537571 0 0 44480.609273528 -78828.76679399 10789.901097456 14487.691581281 -38632.917614884 100854.6669624 -7614.5129634229 -4528.3277713388
0 0 0 0 0 0 0 0 0 0 0 0 0 0 0 0 0 0
0 0 0 0 0 0 0 0 0 0 0 0 0 0 0 0 0 0
10118.564190568 -14982.273496369 34128.93947517 183.14756095182 -11108.076908965 -29681.483338111 -33139.426756773 44480.609273528 0 0 11451.921087894 -1719.1574473789 -2273.0839822772 -1601.1039547052 -15908.983782537 -44.919957679714 -1142.9622133343 346.04053993366
-232.89143260825 72251.37748936 -9633.1925243366 82614.885340724 -34614.311141402 -76037.496036094 44480.395098347 -78828.76679399 0 0 -1719.1574473789 11064.395440296 -1517.3717679055 495.88184258886 117.21796375604 -11826.7795452 376.29405473117 -939.51446399765
-28809.870310536 -19383.663999792 15919.225957031 -9250.8670846663 28623.377952126 17844.629987003 -15732.733598622 10789.901097456 0 0 -2273.0839822772 -1517.3717679055 5333.1381889151 1169.0837236717 8896.5669733123 3129.5593275475 -595.47799192478 -124.7448479835
-23680.644616194 -27214.14984104 4590.9572265545 -17903.105396227 8299.6871269503 30629.563655986 10790.000262689 14487.691581281 0 0 -1601.1039547052 495.88184258886 1169.0837236717 10044.645917662 3199.8633593774 10533.199692067 -181.69622503179 -3270.3580884828
-44758.872743586 -3404.6393455983 -18297.462697138 -14686.745334388 46439.616643783 56724.30229487 16616.718796941 -38632.917614884 0 0 -15908.983782537 117.21796375604 8896.5669733123 3199.8633593774 29012.554215416 3841.8031374492 932.21431846569 -456.18822718303
-24425.067524498 -108895.28237573 12364.144404507 -111801.8916668 50692.191036217 119842.50708013 -38631.267916226 100854.6669624 0 0 -44.919957679714 -11826.7795452 3129.5593275475 10533.199692067 3841.8031374492 25073.942927533 -560.75758123426 -2197.28099478
4423.1623392406 9121.1906185825 -2163.1458565012 -6105.2507413628 -2528.3161747294 4598.5730862033 268.29969199001 -7614.5129634229 0 0 -1142.9622133343 376.29405473117 -595.47799192478 -181.69622503179 932.21431846569 -560.75758123426 926.08315081152 176.44747183358
9875.2210709043 5868.7454945476 -7864.5944860912 2041.3121950402 5604.5780033519 -3381.729918249 -7615.204588165 -4528.3277713388 0 0 346.04053993366 -939.51446399765 -124.7448479835 -3270.3580884828 -456.18822718303 -2197.28099478 176.44747183358 1796.4716680237
* 9
982905.09961725 480769.23076923 -405982.02269418 96153.846153846 -491453.87474172 -480769.23076923 -85469.202181358 -96153.846153846 -12392.387873999 -17122.927610593 39812.124913096 5250.6808666525 59270.597226219 20611.19140291 19535.089381608 10284.558777906 -9522.6037133325 -19226.673661573 -29798.427684886 -20791.871271479 -19587.600671111 -6586.282582654 -25019.884918736 -872.76643812733
480769.23076923 1517092.6537571 -96153.846153846 502138.1154737 -480769.23076923 -758548.37188396 96153.846153846 -1260682.3973468 2985.5576085801 -80403.760064735 2642.1062814585 65841.818069887 -1212.556132366 161718.33599766 -8831.6264830185 79470.877512363 -25617.440408481 32232.330638621 -5239.1870079033 -84177.530023173 -3189.4201424757 -32172.783108791 23948.512771446 -132206.0596054
-405982.02269418 -96153.846153846 982905.09961726 -480769.23076923 -85469.202181357 96153.846153846 -491453.87474172 480769.23076923 -33117.629950355 27018.287219638 -3394.2464751904 13821.262671979 24126.201016934 -8860.482844502 34358.642188861 -12517.372977748 28722.35038007 2022.595221986 -16844.202060827 15230.637758732 9098.0531056323 -2215.2875704218 -49338.976154299 12562.180999318
96153.846153846 502138.1154737 -480769.23076923 1517092.6537571 -96153.846153846 -1260682.3973468 480769.23076923 -758548.37188396 11857.481804987 -78881.302320507 25965.809026489 61620.756462783 18838.618969978 130170.45785337 5482.4051832556 109157.18298428 -188.67725089865 34966.78269496 -3102.6632612166 -79071.67408682 -10012.935087138 -4540.6333703849 -6414.3909296596 -128049.95415022
-491453.87474172 -480769.23076923 -85469.202181357 -96153.846153846 982905.09961726 480769.23076923 -405982.02269418 96153.846153846 10028.457529251 18491.730604717 -41106.955114951 -50239.141109885 -51544.520986553 -74536.315398651 -29148.742389229 -41376.358592721 11420.499312299 -21222.341888723 29820.413590569 31411.99198698 11438.943918211 12704.835135901 22063.67551152 61796.680073717
-480769.23076923 -758548.37188396 96153.846153846 -1260682.3973468 480769.23076923 1517092.6537571 -96153.846153846 502138.1154737 18482.530077916 72284.395914477 -50244.39465176 -74335.385488537 -74436.484465413 -138004.26355898 -41411.559563568 -107668.64018438 -12611.15386026 -23497.397068569 34197.749758358 82779.163095318 17005.966797457 10408.346805769 55986.96497835 120257.01110943
-85469.202181358 96153.846153846 -491453.87474172 480769.23076923 -405982.02269418 -96153.846153846 982905.09961726 -480769.23076923 35481.560295104 -28387.090213762 4689.0766770452 31167.197571253 -31852.277256599 62785.606840242 -24744.989181239 43609.172792563 -30620.245979037 38426.42032831 16822.216155144 -25850.758474234 -949.39635273227 -3903.2649828249 52295.185561515 -73486.094634908
-96153.846153846 -1260682.3973468 480769.23076923 -758548.37188396 96153.846153846 502138.1154737 -480769.23076923 1517092.6537571 -33325.569491483 87000.666470765 21636.479343812 -53127.189044132 56810.421627801 -153884.53029206 44760.780863331 -80959.420312258 38417.27151964 -43701.716265012 -25855.899489238 80470.041014676 -3803.6115678436 26305.069673408 -73521.086820136 139999.00264619
-12392.387873999 2985.5576085801 -33117.629950355 11857.481804987 10028.457529251 18482.530077916 35481.560295104 -33325.569491483 12699.152540895 -2059.9229899483 -5823.5567042577 -1246.5687651916 -19502.036938884 1118.9024911225 -13498.809540039 983.67925848926 -4758.1198010895 2325.0803918324 11587.817352617 -600.37116943345 4159.8743049265 444.19851977627 18944.95952691 -3315.2923432873
-17122.927610593 -80403.760064735 27018.287219638 -78881.302320507 18491.730604717 72284.395914477 -28387.090213762 87000.666470765 -2059.9229899483 16333.577976546 -904.19153593598 -1074.3413961155 936.75379014786 -17280.586349088 1945.2478097236 -12721.652607299 2185.6537364356 -419.08259625786 -759.43142166553 13388.296683494 947.83407901967 3315.8850294965 -3372.3388354072 15634.945168398
39812.124913096 2642.1062814585 -3394.2464751904 25965.809026489 -41106.955114951 -50244.39465176 4689.0766770452 21636.479343812 -5823.5567042577 -904.19153593598 11280.248700035 3228.7752770346 17410.589501649 3993.9792333609 12560.366468384 2788.1707195667 3660.4977212275 -673.17824771024 -8725.5028285891 -2332.8537572724 -2645.4902895782 -917.72227493231 -14864.096468195 -1913.5324196742
5250.6808666525 65841.818069887 13821.262671979 61620.756462783 -50239.141109885 -74335.385488537 31167.197571253 -53127.189044132 -1246.5687651916 -1074.3413961155 3228.7752770346 15558.443479449 4820.0576302624 17669.069544353 2588.4802815617 10300.925308972 -422.75190399759 6165.2316796261 -2576.9067747263 -5792.219940769 -1328.1046478823 -1386.9314681973 -2497.6165736938 -14077.591010175
59270.597226219 -1212.556132366 24126.201016934 18838.618969978 -51544.520986553 -74436.484465413 -31852.277256599 56810.421627801 -19502.036938884 936.75379014786 17410.589501649 4820.0576302624 40711.148375269 3312.4479799508 24506.062908058 1960.1217621451 9868.1287160742 -3099.1384097767 -20886.107310751 -2025.0297266608 -9173.33015669 -1173.8051601613 -36136.611000007 1355.1239620018
20611.19140291 161718.33599766 -8860.482844502 130170.45785337 -74536.315398651 -138004.26355898 62785.606840242 -153884.53029206 1118.9024911225 -17280.586349088 3993.9792333609 17669.069544353 3312.4479799508 37898.935348678 -67.218439765 21754.102580355 -2900.1111682695 8933.0347329073 -1555.8024248066 -18997.4638818 -2133.5394044235 -5686.7666658165 1743.9337418403 -32359.371349699
19535.089381608 -8831.6264830185 34358.642188861 5482.4051832556 -29148.742389229 -41411.559563568 -24744.989181239 44760.780863331 -13498.809540039 1945.2478097236 12560.366468384 2588.4802815617 24506.062908058 -67.218439765 23254.578920489 907.9359498986 5529.339184687 -2284.3947555797 -14956.473856175 -173.59695004265 -1679.6680157873 -770.21039251193 -24717.258297468 2304.6222467833
10284.558777906 79470.877512363 -12517.372977748 109157.18298428 -41376.358592721 -107668.64018438 43609.172792563 -80959.420312258 983.67925848926 -12721.652607299 2788.1707195667 10300.925308972 1960.1217621451 21754.102580355 907.9359498986 18194.645701074 -1745.5491862293 3374.7112334699 -907.51979974878 -13600.930635923 -1481.3524768324 -1844.7958501533 770.72936599674 -19617.64072958
-9522.6037133325 -25617.440408481 28722.35038007 -188.67725089865 11420.499312299 -12611.15386026 -30620.245979037 38417.27151964 -4758.1198010895 2185.6537364356 3660.4977212275 -422.75190399759 9868.1287160742 -2900.1111682695 5529.339184687 -1745.5491862293 6594.2719106183 -1651.581548179 -3749.3472685419 1507.4982020112 -1685.8391561629 345.81240356229 -11847.836277515 3612.7357320012
-19226.673661573 32232.330638621 2022.595221986 34966.78269496 -21222.341888723 -23497.397068569 38426.42032831 -43701.716265012 2325.0803918324 -419.08259625786 -673.17824771024 6165.2316796261 -3099.1384097767 8933.0347329073 -2284.3947555797 3374.7112334699 -1651.581548179 11566.813678259 1691.2820713288 7.1859552445934 209.5408149362 809.51322798983 3871.0773624255 -13321.849371807
-29798.427684886 -5239.1870079033 -16844.202060827 -3102.6632612166 29820.413590569 34197.749758358 16822.216155144 -25855.899489238 11587.817352617 -759.43142166553 -8725.5028285891 -2576.9067747263 -20886.107310751 -1555.8024248066 -14956.473856175 -907.51979974878 -3749.3472685419 1691.2820713288 12274.607053273 892.6673216032 4206.0360911167 789.58903594521 18816.10834957 -880.76825963325
-20791.871271479 -84177.530023173 15230.637758732 -79071.67408682 31411.99198698 82779.163095318 -25850.758474234 80470.041014676 -600.37116943345 13388.296683494 -2332.8537572724 -5792.219940769 -2025.0297266608 -18997.4638818 -173.59695004265 -13600.930635923 1507.4982020112 7.1859552445934 892.6673216032 13194.962232013 1330.9392162715 3502.4297556286 -677.25457463647 15093.34428922
-19587.600671111 -3189.4201424757 9098.0531056323 -10012.935087138 11438.943918211 17005.966797457 -949.39635273227 -3803.6115678436 4159.8743049265 947.83407901967 -2645.4902895782 -1328.1046478823 -9173.33015669 -2133.5394044235 -1679.6680157873 -1481.3524768324 -1685.8391561629 209.5408149362 4206.0360911167 1330.9392162715 5046.9385491642 -191.87056846155 6485.7986508008 1255.7757310357
-6586.282582654 -32172.783108791 -2215.2875704218 -4540.6333703849 12704.835135901 10408.346805769 -3903.2649828249 26305.069673408 444.19851977627 3315.8850294965 -917.72227493231 -1386.9314681973 -1173.8051601613 -5686.7666658165 -770.21039251193 -1844.7958501533 345.81240356229 809.51322798983 789.58903594521 3502.4297556286 -191.87056846155 3143.4366475349 431.18582978928 3145.1116335212
-25019.884918736 23948.512771446 -49338.976154299 -6414.3909296596 22063.67551152 55986.96497835 52295.185561515 -73521.086820136 18944.95952691 -3372.3388354072 -14864.096468195 -2497.6165736938 -36136.611000007 1743.9337418403 -24717.258297468 770.72936599674 -11847.836277515 3871.0773624255 18816.10834957 -677.25457463647 6485.7986508008 431.18582978928 35998.884406051 -5257.8895564925
-872.76643812733 -132206.0596054 12562.180999318 -128049.95415022 61796.680073717 120257.01110943 -73486.094634908 139999.00264619 -3315.2923432873 15634.945168398 -1913.5324196742 -14077.591010175 1355.1239620018 -32359.371349699 2304.6222467833 -19617.64072958 3612.7357320012 -13321.849371807 -880.76825963325 15093.34428922 1255.7757310357 3145.1116335212 -5257.8895564925 32822.183648456
* 10
982905.09961725 480769.23076923 -405982.02269418 96153.846153846 -491453.87474172 -480769.23076923 -85469.202181358 -96153.846153846 16730.655515295 -3084.7835755679 25426.827913003 7146.5760422328 8664.8906001104 -5094.8381379255 9609.2875368363 7001.4094062091
480769.23076923 1517092.6537571 -96153.846153846 502138.1154737 -480769.23076923 -758548.37188396 96153.846153846 -1260682.3973468 7832.8019151994 -7070.0931655339 -2551.9151898944 68737.443009327 738.44969772805 -5010.2841307779 -13650.161901264 76981.034803355
-405982.02269418 -96153.846153846 982905.09961725 -480769.23076923 -85469.202181358 96153.846153846 -491453.87474172 480769.23076923 -23663.407716975 20298.213203281 12042.271086977 -1564.1129048116 -13189.850275363 13744.311368011 35111.371487105 -18490.84239797
96153.846153846 502138.1154737 -480769.23076923 1517092.6537571 -96153.846153846 -1260682.3973468 480769.23076923 -758548.37188396 17987.34252637 -17194.539540345 10925.609896026 62404.403490603 12235.7601474 -10827.074732607 -3583.9875863777 79541.271780441
-491453.87474172 -480769.23076923 -85469.202181358 -96153.846153846 982905.09961725 480769.23076923 -405982.02269418 96153.846153846 -16501.261414355 -13365.461001601 -25068.018407627 -35904.986095168 -6992.2539281696 -9219.3516927582 -8302.69450633 -26229.816625972
-480769.23076923 -758548.37188396 96153.846153846 -1260682.3973468 480769.23076923 1517092.6537571 -96153.846153846 502138.1154737 -13365.50772525 5718.9197885369 -35905.009229346 -66126.045582217 -9219.1203638983 5060.7592458834 -26229.78509625 -71881.649785933
-85469.202181358 96153.846153846 -491453.87474172 480769.23076923 -405982.02269418 -96153.846153846 982905.09961725 -480769.23076923 23434.013616035 -3847.9686261119 -12401.080592353 30322.522957747 11517.213603422 569.87846267264 -36417.964517612 37719.249617732
-96153.846153846 -1260682.3973468 480769.23076923 -758548.37188396 96153.846153846 502138.1154737 -480769.23076923 1517092.6537571 -12454.636716319 18545.712917342 27531.314523214 -65015.800917713 -3755.08948123 10776.599617502 43463.934583891 -84640.656797862
16730.655515295 7832.8019151994 -23663.407716975 17987.34252637 -16501.261414355 -13365.50772525 23434.013616035 -12454.636716319 3567.47865205 -553.34298606929 -1184.1185905771 1289.5047666659 1947.5721805508 -321.86935274556 -4679.81666297 1884.9981423155
-3084.7835755679 -7070.0931655339 20298.213203281 -17194.539540345 -13365.461001601 5718.9197885369 -3847.9686261119 18545.712917342 -553.34298606929 7436.6966329723 1327.3875359817 421.79149564734 -366.36514230447 4704.7424145752 1893.0563909875 -6126.0484652721
25426.827913003 -2551.9151898944 12042.271086977 10925.609896026 -25068.018407627 -35905.009229346 -12401.080592353 27531.314523214 -1184.1185905771 1327.3875359817 8527.0401006176 845.91925838082 -243.26396631924 733.46405211497 10414.069787463 -418.98187052343
7146.5760422328 68737.443009327 -1564.1129048116 62404.403490603 -35904.986095168 -66126.045582217 30322.522957747 -65015.800917713 1289.5047666659 421.79149564734 845.91925838082 7578.5019480581 707.85667564068 348.63130401719 -373.76769176485 7559.8149778527
8664.8906001104 738.44969772805 -13189.850275363 12235.7601474 -6992.2539281696 -9219.1203638983 11517.213603422 -3755.08948123 1947.5721805508 -366.36514230447 -243.26396631924 707.85667564068 1228.8496045976 -252.32825050027 -1984.6286053968 1058.3183629135
-5094.8381379255 -5010.2841307779 13744.311368011 -10827.074732607 -9219.3516927582 5060.7592458834 569.87846267264 10776.599617502 -321.86935274556 4704.7424145752 733.46405211497 348.63130401719 -252.32825050027 3175.9694981449 1023.7464069881 -3599.1682980613
9609.2875368363 -13650.161901264 35111.371487105 -3583.9875863777 -8302.69450633 -26229.78509625 -36417.964517612 43463.934583891 -4679.81666297 1893.0563909875 10414.069787463 -373.76769176485 -1984.6286053968 1023.7464069881 15915.773274312 -2279.6536484385
7001.4094062091 76981.034803355 -18490.84239797 79541.271780441 -26229.816625972 -71881.649785933 37719.249617732 -84640.656797862 1884.9981423155 -6126.0484652721 -418.98187052343 7559.8149778527 1058.3183629135 -3599.1682980613 -2279.6536484385 13516.214215363
* 11
982905.98290598 480769.23076923 -405982.90598291 96153.846153846 -491452.99145299 -480769.23076923 -85470.085470086 -96153.846153846
480769.23076923 1517094.017094 -96153.846153846 502136.75213675 -480769.23076923 -758547.00854701 96153.846153846 -1260683.7606838
-405982.90598291 -96153.846153846 982905.98290598 -480769.23076923 -85470.085470086 96153.846153846 -491452.99145299 480769.23076923
96153.846153846 502136.75213675 -480769.23076923 1517094.017094 -96153.846153846 -1260683.7606838 480769.23076923 -758547.00854701
-491452.99145299 -480769.23076923 -85470.085470086 -96153.846153846 982905.98290598 480769.23076923 -405982.90598291 96153.846153846
-480769.23076923 -758547.00854701 96153.846153846 -1260683.7606838 480769.23076923 1517094.017094 -96153.846153846 502136.75213675
-85470.085470086 96153.846153846 -491452.99145299 480769.23076923 -405982.90598291 -96153.846153846 982905.98290598 -480769.23076923
-96153.846153846 -1260683.7606838 480769.23076923 -758547.00854701 96153.846153846 502136.75213675 -480769.23076923 1517094.017094
*